0.0
0.0
0.0
0.0
0.0
0.0
0.0
0.0
0.0
0.0
0.0
0.0
0.0
0.0
0.0
0.0
0.0
0.0
0.0
0.0
0.0
0.0
0.0
0.0
0.0
0.0
0.125
0.25
0.375
0.5
0.625
0.75
0.875
1.0
1.125
1.5
0.5
0.75
1.0
1.25
1.5
1.75
2.0
2.375
2.75
3.125
3.5
3.875
4.375
4.875
5.375
5.875
6.375
6.875
7.375
5.25
5.625
6.0
6.375
6.75
7.125
7.5
8.0
8.5
9.0
9.5
10.0
10.625
11.25
12.0
12.75
13.5
7.375
7.875
8.5
9.25
10.125
11.0
11.875
12.875
8.125
7.125
7.375
8.0
8.625
9.25
9.875
10.5
11.125
11.75
12.375
13.0
13.75
8.125
6.125
6.5
6.875
7.25
7.625
8.0
8.375
8.75
9.125
9.625
10.125
10.625
11.125
11.625
12.125
3.125
3.375
3.625
3.875
4.125
4.375
4.625
5.0
5.375
5.75
6.125
6.5
6.875
7.25
7.625
1.125
1.25
1.375
1.5
1.625
1.75
1.875
2.0
2.125
2.25
2.375
2.5
2.625
2.875
3.125
3.375
3.625
3.875
0.75
0.875
1.0
1.125
1.25
1.375
1.625
1.875
2.125
2.375
2.625
3.0
3.5
4.0
4.5
5.0
5.5
6.0
6.625
4.125
2.75
3.125
3.5
3.875
4.375
4.875
5.5
6.125
6.75
7.375
8.0
8.625
9.25
9.875
6.25
5.5
6.0
6.5
7.0
7.625
8.5
9.375
10.25
5.875
6.5
7.125
7.75
8.375
9.125
9.875
10.625
11.375
12.25
13.125
14.0
14.875
15.75
16.625
10.0
7.625
5.375
5.875
6.375
6.875
7.5
8.125
9.0
9.875
10.75
11.625
12.5
13.375
14.25
15.125
16.0
16.875
17.75
10.25
9.125
9.75
10.375
11.0
11.625
12.375
13.125
13.875
14.625
15.375
16.125
16.875
17.625
18.375
19.125
10.625
7.375
7.75
8.125
8.5
8.875
9.375
9.875
10.375
11.0
3.5
3.125
3.375
3.625
3.875
4.125
4.375
4.625
4.875
5.125
5.375
1.625
0.0
0.0
0.125
0.25
0.375
0.5
0.625
0.75
0.875
1.0
1.125
1.25
1.375
0.0
0.0
0.0
0.0
0.0
0.125
0.25
0.375
0.5
0.625
0.75
0.875
1.0
1.125
0.0
0.0
0.0
0.0
0.25
0.5
0.75
1.0
1.25
0.75
0.875
1.0
1.125
1.25
1.375
1.5
1.625
1.875
2.125
2.375
2.625
2.875
3.125
3.5
0.25
0.0
0.125
0.25
0.375
0.5
0.625
0.75
1.0
1.25
1.5
1.875
2.375
2.875
3.375
3.875
4.375
5.0
5.625
6.25
7.0
6.0
5.125
4.75
5.25
5.75
6.25
6.75
7.25
7.75
8.25
8.75
9.25
9.75
10.25
10.75
11.25
7.25
7.625
8.0
8.375
8.75
9.125
9.5
9.875
10.25
6.25
3.5
3.75
4.0
4.25
4.5
4.75
5.0
5.25
5.5
5.75
6.0
1.625
2.0
2.375
2.75
3.25
3.75
4.25
4.75
5.25
5.75
6.25
6.75
7.25
7.75
8.25
8.75
9.25
9.75
10.25
10.875
7.75
8.375
9.0
9.625
10.25
11.0
11.75
12.625
13.625
14.625
15.625
16.625
12.25
12.25
12.875
13.5
14.125
14.75
15.5
16.375
17.25
18.125
8.25
8.875
9.5
10.125
10.75
11.375
12.0
12.625
13.5
14.375
15.25
16.125
17.125
18.125
19.25
20.5
22.0
14.375
10.5
8.625
9.5
10.5
11.5
12.625
13.75
14.875
16.0
17.125
18.25
19.375
20.5
21.625
22.75
24.0
18.5
17.875
19.0
20.125
21.25
22.375
23.5
24.625
25.75
26.875
28.0
29.125
30.25
31.375
21.5
14.125
10.75
9.375
9.875
10.375
10.875
11.375
12.0
12.625
13.375
14.125
14.875
15.625
10.375
7.125
4.0
4.5
5.0
5.5
6.125
6.75
7.5
8.25
9.0
9.75
10.5
11.375
8.875
7.0
5.125
5.75
6.5
7.25
8.125
9.0
9.875
10.75
11.75
12.875
14.0
15.125
16.25
11.0
9.125
10.0
10.875
11.75
12.625
13.5
14.375
15.25
16.125
17.0
17.875
18.75
19.625
16.75
14.125
14.75
15.375
16.0
16.625
17.25
17.875
18.625
10.75
4.125
0.75
1.125
1.5
1.875
2.25
2.625
3.125
3.625
4.125
4.625
5.125
5.625
3.5
2.25
2.625
3.0
3.5
4.0
4.5
5.0
5.5
6.0
6.5
7.0
7.5
8.0
8.5
9.0
9.5
10.0
6.5
6.75
7.0
7.25
7.5
7.75
8.0
8.25
8.5
8.75
9.0
9.375
9.875
10.375
10.875
1.125
1.375
1.625
1.875
2.125
2.375
2.625
2.875
3.125
3.375
3.625
3.875
4.125
4.375
4.75
5.125
5.5
5.875
6.25
3.625
0.875
1.0
1.125
1.375
1.625
1.875
2.25
2.625
3.0
3.375
3.75
4.125
4.5
4.875
5.375
5.875
6.375
6.875
5.5
4.25
4.625
5.0
5.375
5.75
6.125
6.5
6.875
7.375
7.875
8.5
9.125
9.75
10.375
5.375
3.125
2.5
2.625
3.0
3.375
3.75
4.125
4.625
5.25
3.875
4.25
4.625
5.0
5.375
5.75
6.125
6.5
6.875
7.25
7.625
8.125
8.625
9.125
9.75
5.25
5.375
5.75
6.125
6.625
7.125
7.625
8.125
8.625
9.25
9.875
10.5
11.125
11.75
12.5
13.375
14.25
15.125
15.5
16.25
17.0
17.875
18.75
19.625
20.5
21.375
22.25
23.125
18.25
13.25
9.5
10.125
10.75
11.375
12.0
12.625
13.25
14.0
14.875
15.875
11.0
7.125
4.125
4.625
5.125
5.75
6.375
7.125
7.875
8.75
9.625
10.5
11.375
12.25
13.25
14.25
15.375
16.5
17.625
18.75
12.125
10.875
10.75
11.375
12.0
12.625
13.375
14.125
14.875
15.625
16.375
17.125
17.875
18.625
19.375
20.125
20.875
21.625
22.375
14.0
14.5
15.0
15.625
16.25
16.875
17.5
18.125
18.875
19.625
20.375
21.125
22.0
22.875
11.25
7.0
6.625
7.25
7.875
8.5
9.125
9.875
10.625
11.375
12.125
13.0
8.875
8.0
7.75
8.5
9.25
10.0
10.75
11.5
12.375
13.25
14.125
15.0
15.875
16.75
12.0
8.875
5.875
6.25
6.75
7.25
7.75
8.25
8.75
9.375
10.0
10.75
11.5
12.25
13.0
13.75
14.5
15.25
11.75
12.375
13.0
13.625
14.25
14.875
15.5
16.125
16.75
17.375
18.0
18.625
19.25
19.875
9.375
6.25
6.75
7.25
7.875
8.5
9.125
9.75
10.375
11.0
11.625
12.375
4.375
2.875
3.125
3.375
3.625
3.875
4.125
4.375
4.625
4.875
5.125
5.375
5.625
5.875
3.25
3.375
3.5
3.75
4.0
4.25
4.5
4.75
5.0
5.25
5.5
5.75
6.0
6.25
1.5
0.0
0.0
0.0
0.125
0.25
0.375
0.625
1.0
1.375
1.75
2.125
2.5
2.875
3.25
3.625
2.375
1.375
1.5
1.625
1.75
1.875
2.125
2.375
2.625
0.125
0.375
0.625
0.875
1.125
1.375
1.625
1.875
2.125
2.5
3.0
3.625
4.375
4.5
5.125
5.75
6.375
7.0
7.625
8.375
9.125
9.875
10.75
11.75
12.75
13.75
14.75
15.75
16.75
17.875
15.375
16.25
17.375
18.5
19.625
20.75
21.875
23.0
24.25
25.5
26.75
28.125
29.5
30.875
32.25
23.375
17.875
15.125
13.625
12.75
13.25
13.75
14.25
14.75
15.25
15.875
6.625
2.75
1.0
1.375
1.75
2.25
2.75
3.25
3.875
4.625
5.375
6.125
6.875
7.625
8.5
9.375
10.375
11.375
12.375
12.0
12.875
13.875
14.875
15.875
16.875
17.875
18.875
19.875
20.875
21.875
22.875
24.0
25.125
26.375
27.625
28.875
25.625
23.75
24.75
25.75
26.75
27.875
29.0
30.125
31.25
32.375
33.5
34.625
35.75
37.0
26.0
15.125
8.625
6.625
7.125
7.75
8.375
9.0
9.625
10.25
10.875
11.5
12.125
12.75
13.375
14.0
7.375
4.375
2.25
2.5
2.75
3.0
3.25
3.625
4.0
4.375
4.75
5.125
5.625
6.125
5.0
5.375
5.75
6.125
6.5
6.875
7.25
7.625
8.0
8.375
8.75
9.125
9.5
9.875
2.125
2.25
2.5
2.875
3.25
3.75
4.25
4.75
5.25
5.75
6.25
6.75
7.25
7.75
8.25
8.875
9.5
10.25
11.125
7.75
6.125
6.0
6.375
6.75
7.125
7.5
8.125
8.75
3.375
1.875
2.125
2.5
3.0
3.5
4.125
4.875
5.625
6.375
7.125
5.25
5.875
6.625
7.375
8.125
8.875
9.625
10.5
11.375
12.25
13.125
14.0
14.875
15.75
16.625
17.5
18.375
19.25
20.125
21.0
22.0
19.75
20.625
21.5
22.5
23.5
24.5
25.5
26.75
28.125
29.5
30.875
32.25
33.625
35.0
36.5
26.25
20.5
16.0
12.125
8.625
6.5
5.125
3.625
4.0
4.5
5.0
5.5
6.0
6.5
7.0
7.5
8.0
8.5
9.0
9.5
10.0
10.5
3.625
1.875
2.0
2.125
2.25
2.375
2.625
3.0
3.375
3.75
4.125
4.5
4.875
4.375
4.625
5.0
5.375
5.875
6.375
6.875
7.5
8.125
8.75
9.375
10.0
10.625
3.625
2.625
2.875
3.125
3.375
3.625
3.875
4.125
4.375
4.75
5.125
5.5
5.875
6.25
6.625
7.125
7.625
4.125
1.25
0.0
0.0
0.0
0.0
0.0
0.125
0.375
0.875
1.375
2.0
2.625
3.25
3.875
4.5
5.125
5.75
6.375
4.0
2.875
3.125
3.375
3.625
3.875
4.125
4.375
4.625
4.875
5.125
5.375
5.625
5.875
6.125
6.5
7.0
4.25
4.625
5.0
5.375
5.875
6.375
6.875
7.375
8.0
8.625
9.25
9.875
10.5
11.375
12.25
13.125
14.0
14.875
15.75
9.75
7.625
7.125
7.75
8.375
9.0
9.75
10.5
11.25
12.25
10.0
8.125
7.5
8.25
9.0
9.75
10.5
11.25
12.0
12.75
13.5
14.25
15.0
15.75
10.875
9.5
10.25
11.0
11.75
12.5
13.25
14.25
15.25
16.25
17.25
18.25
19.25
20.25
21.25
22.25
23.375
19.625
19.125
20.0
20.875
21.75
22.625
23.5
24.375
25.25
26.125
27.0
27.875
28.75
29.625
30.5
31.5
32.5
20.875
15.25
11.375
9.125
9.5
9.875
10.25
10.625
11.125
11.625
12.125
12.625
13.125
13.75
3.375
2.875
3.25
3.625
4.0
4.375
4.75
5.125
5.5
6.0
6.5
7.0
7.5
4.25
4.75
5.25
5.75
6.25
6.75
7.25
7.75
8.25
8.75
9.375
10.0
10.625
11.25
11.875
8.75
8.5
9.0
9.5
10.0
10.5
11.125
11.75
12.5
13.25
14.0
14.75
15.5
16.25
17.0
12.25
8.375
4.875
5.25
5.625
6.0
6.375
6.75
7.125
7.5
7.875
8.25
5.875
3.5
3.625
3.75
3.875
4.0
4.125
4.25
4.375
4.625
5.0
5.375
5.75
1.125
1.375
1.75
2.125
2.625
3.125
3.75
4.375
5.125
6.0
7.0
8.0
9.0
10.0
11.0
9.625
9.375
9.125
9.75
10.375
11.0
11.625
12.25
12.875
13.5
14.125
14.75
15.375
16.125
16.875
17.625
18.5
14.75
12.375
12.125
12.625
13.125
13.625
14.125
14.75
15.5
10.875
6.625
2.375
2.75
3.125
3.625
4.125
4.625
5.125
5.625
6.125
6.625
7.125
7.625
8.125
8.625
6.875
7.25
7.75
8.25
8.75
9.25
9.75
10.375
11.0
11.625
12.25
12.875
13.5
14.125
14.75
15.375
16.125
16.875
17.625
11.125
11.75
12.5
13.25
14.0
14.875
15.75
16.625
17.625
18.625
19.625
20.625
21.625
22.75
17.75
13.125
9.875
9.125
9.25
10.0
10.875
11.75
12.625
13.5
14.625
15.75
9.875
9.25
8.75
9.5
10.25
11.0
11.75
12.5
13.25
14.125
15.125
16.25
17.375
18.5
10.625
8.75
7.125
7.75
8.375
9.0
9.625
10.25
10.875
11.625
12.375
13.125
13.875
14.75
15.625
16.5
17.375
18.25
13.625
14.375
15.25
16.25
17.25
18.25
19.25
20.5
21.75
23.0
24.25
25.5
26.875
28.25
18.75
14.0
11.875
10.625
9.375
9.5
10.125
10.75
11.375
12.0
12.75
13.625
14.5
8.75
4.125
1.75
2.125
2.5
2.875
3.25
3.625
4.0
4.5
5.0
5.5
6.0
6.5
7.125
7.5
8.0
8.5
9.0
9.5
10.0
10.5
11.0
11.5
12.125
12.75
13.375
14.0
12.125
12.625
13.125
13.625
14.125
14.625
15.125
15.75
16.375
17.125
17.875
18.75
19.75
20.75
21.75
22.75
23.75
24.75
16.625
9.875
4.5
5.125
5.75
6.375
7.125
7.875
8.625
9.375
10.125
11.0
11.875
12.75
7.75
5.125
5.25
5.625
6.0
6.375
6.75
7.125
7.5
7.875
8.375
8.875
9.375
9.875
4.125
4.375
4.625
4.875
5.125
5.375
5.625
5.875
6.125
6.375
6.625
6.875
7.375
2.75
3.125
3.5
3.875
4.375
4.875
5.375
6.0
6.625
7.25
7.875
8.5
9.125
5.875
4.375
3.25
2.25
2.375
2.5
2.75
3.0
3.375
4.0
1.5
1.25
1.625
2.0
2.5
3.0
3.5
4.0
4.625
5.25
6.125
7.0
7.875
8.75
9.625
10.5
11.5
12.5
13.5
14.625
15.75
16.875
18.0
19.125
20.25
21.375
22.5
23.625
24.875
26.125
27.375
28.625
22.0
20.0
20.0
20.75
21.5
22.25
23.0
23.75
24.5
25.375
26.25
27.25
28.25
29.25
30.25
31.25
32.25
33.25
34.25
35.25
36.375
24.75
13.0
4.0
2.5
1.125
1.625
2.125
2.75
3.375
4.0
4.625
5.25
6.0
6.75
7.5
6.75
7.375
8.125
8.875
9.625
10.375
11.125
11.875
10.375
8.875
9.5
10.125
10.875
11.625
12.375
13.125
13.875
14.625
15.375
16.125
8.25
4.5
4.5
4.75
5.125
5.5
5.875
6.375
6.875
7.375
7.875
8.375
8.875
9.375
9.875
10.5
11.125
11.75
12.625
5.0
5.625
6.375
7.125
7.875
8.625
9.375
10.125
11.0
6.875
6.125
5.25
5.75
6.25
6.75
7.25
7.75
8.375
9.0
3.0
3.375
3.75
4.125
4.5
4.875
5.25
5.625
6.0
6.375
6.75
7.125
7.625
8.25
8.875
9.5
10.25
11.0
11.875
11.75
11.875
12.5
13.125
13.75
14.375
15.0
15.625
16.25
16.875
17.5
18.125
18.75
19.375
20.0
20.625
21.375
14.0
8.75
6.125
6.625
7.25
7.875
8.625
9.375
10.125
11.0
11.875
12.75
6.375
4.875
4.0
4.375
4.75
5.25
5.75
6.25
6.75
7.25
7.75
8.25
8.75
9.375
10.0
7.125
6.125
6.5
6.875
7.25
7.625
8.0
8.375
8.75
9.125
9.625
10.125
10.625
11.125
11.625
12.125
12.625
3.75
4.0
4.375
4.75
5.125
5.5
5.875
6.25
6.625
7.0
7.375
7.75
8.25
8.75
9.25
9.75
10.375
11.0
11.625
12.25
12.875
13.5
14.125
14.875
15.625
6.625
3.75
2.125
2.375
2.625
2.875
3.125
3.375
3.625
4.0
4.375
4.875
5.5
6.125
1.75
1.375
1.75
2.125
2.5
2.875
3.25
3.625
4.0
4.375
4.75
5.125
5.5
5.875
6.25
6.75
7.25
7.75
8.25
8.875
9.5
7.375
7.875
8.375
9.0
9.625
10.25
10.875
11.5
12.125
12.875
13.625
14.375
15.25
16.125
10.75
6.625
4.375
2.375
2.75
3.125
3.5
3.875
4.25
4.625
5.0
5.5
6.0
6.625
5.125
5.5
6.0
6.5
7.0
7.5
8.0
8.5
9.0
9.5
10.125
10.75
7.25
4.125
4.875
5.625
6.375
7.125
8.0
8.875
9.875
10.875
11.875
12.875
14.0
11.375
12.0
12.625
13.375
14.125
15.0
15.875
16.75
17.625
18.625
19.625
20.625
21.625
22.625
23.625
15.625
9.375
4.875
4.125
4.5
4.875
5.25
5.625
6.0
6.375
6.75
7.125
7.5
7.875
1.875
2.0
2.125
2.25
2.375
2.5
2.625
2.75
2.875
3.0
3.125
0.0
0.0
0.0
0.0
0.0
0.125
0.25
0.375
0.5
0.625
0.75
0.875
1.0
1.125
1.25
1.375
1.5
1.625
1.875
2.125
2.375
2.625
2.875
3.25
3.625
4.0
4.375
4.75
5.125
0.875
1.0
1.125
1.25
1.375
1.5
1.625
1.875
2.125
2.0
2.125
2.25
2.5
2.75
3.0
3.25
3.5
3.75
4.0
4.25
4.625
1.5
1.875
2.25
2.625
3.0
3.375
3.75
4.125
4.625
5.25
5.875
6.5
7.125
7.75
8.5
9.25
10.0
9.5
10.125
10.75
11.375
12.0
12.625
13.25
13.875
14.625
15.375
16.125
16.875
17.625
9.375
6.0
3.5
1.375
0.375
0.625
0.875
1.125
1.375
1.625
1.875
2.125
2.5
2.875
3.25
3.625
4.0
4.5
5.0
5.5
6.0
6.5
7.0
7.5
8.0
8.5
9.0
9.5
4.5
1.625
1.75
1.875
2.0
2.125
2.25
2.375
2.5
2.625
2.75
2.875
3.0
3.125
3.25
3.375
0.0
0.0
0.0
0.0
0.0
0.0
0.0
0.0
0.0
0.0
0.0
0.0
0.125
0.25
0.375
0.0
0.0
0.0
0.0
0.0
0.0
0.125
0.25
0.5
0.75
1.0
1.25
1.5
1.75
2.0
2.25
2.5
2.75
3.0
3.25
3.5
3.875
4.25
2.625
2.875
3.125
3.375
3.625
3.875
4.125
4.375
4.625
5.0
5.375
5.75
6.125
6.5
6.875
7.25
7.625
8.125
4.125
4.5
5.0
5.5
6.0
6.5
7.0
7.5
8.125
8.75
9.375
10.25
11.125
7.375
7.25
7.5
8.25
9.0
9.75
10.625
11.5
12.5
13.625
6.5
4.125
2.875
3.25
3.625
4.0
4.375
4.75
5.125
5.5
5.875
6.25
6.625
7.0
7.375
7.75
8.125
2.75
3.125
3.5
3.875
4.25
4.625
5.0
5.375
5.75
6.125
6.5
6.875
7.25
7.75
8.25
8.375
8.75
9.125
9.5
9.875
10.25
10.625
11.0
11.375
11.75
12.125
12.5
12.875
13.25
13.75
14.375
15.0
5.125
5.125
5.5
5.875
6.25
6.75
7.375
8.0
8.625
9.25
2.75
3.125
3.5
3.875
4.25
4.625
5.0
5.375
5.75
6.125
6.5
7.0
7.5
2.625
2.875
3.125
3.375
3.625
3.875
4.125
4.5
5.0
5.5
6.0
6.5
7.0
7.5
8.0
4.375
2.375
2.625
2.875
3.125
3.375
3.625
3.875
4.125
4.375
4.625
4.875
5.125
5.375
5.625
5.875
6.125
6.5
6.875
3.75
0.5
0.625
0.75
0.875
1.0
1.375
1.75
2.125
2.5
1.25
0.75
0.875
1.0
1.125
1.25
1.5
1.75
2.0
2.25
2.5
2.75
0.875
1.0
1.125
1.375
1.625
1.875
2.125
2.375
2.625
2.875
3.125
3.375
3.625
3.875
4.125
4.375
3.0
3.25
3.5
3.75
4.0
4.25
4.5
4.75
5.0
5.25
5.625
6.0
6.375
6.75
2.5
2.75
3.0
3.25
3.5
3.75
4.0
4.375
4.75
0.5
0.25
0.0
0.0
0.0
0.0
0.0
0.0
0.0
0.0
0.0
0.0
0.0
0.125
0.25
0.5
0.75
1.125
1.5
1.875
2.25
2.625
3.0
3.375
3.875
4.375
4.875
5.375
5.875
6.5
7.125
7.75
8.375
9.0
7.125
6.75
7.125
7.625
8.125
8.625
9.125
9.625
10.125
10.625
11.125
11.625
12.125
12.625
13.125
9.0
5.125
5.375
5.625
5.875
6.125
6.5
6.875
7.25
7.625
3.5
3.75
4.125
4.5
4.875
5.375
5.875
6.375
6.875
7.375
7.875
8.5
3.875
4.375
4.875
5.375
5.875
6.5
7.125
7.75
8.375
9.0
9.625
10.25
10.875
11.5
12.125
12.75
7.0
7.375
7.75
8.25
8.75
9.25
9.875
10.5
11.25
12.0
12.75
13.5
14.25
15.0
15.75
7.25
4.25
4.625
5.0
5.375
5.75
6.125
6.5
6.875
7.25
7.625
8.125
5.625
3.25
3.625
4.0
4.375
4.875
5.375
5.875
6.375
6.875
7.375
7.875
8.375
4.75
5.125
5.5
5.875
6.25
6.625
7.0
7.375
7.75
8.125
8.5
8.875
9.25
9.625
10.0
10.375
10.75
11.125
11.5
8.375
8.625
8.875
9.125
9.375
9.625
9.875
10.125
10.375
10.625
10.875
11.125
11.375
11.625
0.0
0.0
0.0
0.0
0.0
0.0
0.0
0.0
0.0
0.0
0.0
0.125
0.25
0.375
0.75
1.125
1.5
1.875
2.25
2.625
3.0
3.375
3.875
3.125
3.625
4.125
4.625
5.125
5.625
6.125
6.625
7.125
7.625
8.125
8.625
9.125
9.625
10.125
10.625
11.125
11.625
12.125
12.625
9.125
6.875
6.875
7.125
7.375
7.625
7.875
8.125
8.375
8.625
8.875
9.25
9.75
10.25
10.75
1.25
1.125
1.5
1.875
2.25
2.625
3.0
3.5
4.0
4.625
4.0
4.625
5.25
5.875
6.5
7.125
7.75
8.375
9.0
9.625
10.25
10.875
11.5
12.125
9.25
6.75
5.0
3.375
3.375
3.5
4.0
4.5
5.0
5.5
6.0
6.625
7.25
7.875
8.5
9.125
9.75
10.375
11.0
7.375
7.875
8.375
8.875
9.375
9.875
10.375
10.875
11.375
11.875
12.375
12.875
6.375
6.625
7.0
7.375
7.75
8.125
8.5
8.875
9.25
9.625
10.0
10.5
1.625
0.375
0.5
0.625
0.75
0.875
1.0
1.125
1.25
1.375
1.5
1.75
2.125
2.5
2.875
3.25
3.625
4.0
4.375
4.75
5.125
5.5
6.0
6.5
7.0
7.5
8.125
8.875
9.625
10.375
11.125
11.875
12.625
13.375
14.125
14.875
15.625
16.375
17.125
9.25
6.0
3.875
2.0
2.125
2.375
2.625
2.875
3.125
3.375
3.625
3.875
4.125
4.375
4.625
4.875
1.5
0.0
0.0
0.0
0.125
0.25
0.375
0.5
0.625
0.75
0.875
1.0
1.125
1.25
0.0
0.0
0.0
0.125
0.25
0.375
0.5
0.625
0.75
1.0
1.25
1.5
1.75
2.0
2.25
2.5
1.875
2.125
2.375
2.625
2.875
3.125
3.375
3.875
4.375
4.875
5.375
6.0
6.625
7.375
8.25
4.375
5.0
5.625
6.375
7.125
8.0
9.0
10.0
11.0
7.625
6.75
5.875
5.375
5.125
5.5
6.25
7.125
8.0
8.875
9.875
10.875
12.0
13.25
10.5
9.875
9.625
9.25
10.25
11.25
12.25
13.25
14.25
15.25
16.25
17.25
18.25
19.25
20.25
21.25
22.25
23.5
24.75
21.25
19.25
19.625
20.625
21.625
22.625
23.75
24.875
26.0
27.125
28.25
29.5
30.75
32.0
33.25
34.5
35.875
37.25
38.625
27.75
26.25
25.5
26.75
28.0
29.25
30.5
31.75
33.125
26.625
20.5
15.25
10.125
9.0
9.5
10.0
10.5
11.0
11.5
12.0
12.5
13.0
13.5
14.0
14.5
9.75
5.75
6.0
6.25
6.5
6.75
7.0
7.25
7.5
7.75
8.125
8.5
8.875
9.25
4.625
4.875
5.125
5.375
5.625
6.0
6.375
6.75
7.125
7.625
8.25
8.875
9.5
10.125
10.75
5.5
6.0
6.5
7.0
7.5
8.0
8.5
9.0
9.625
6.625
5.25
5.75
6.25
6.875
7.5
8.125
8.75
9.375
10.0
10.75
11.5
12.25
5.25
5.125
5.5
5.875
6.25
6.625
7.0
7.375
7.75
8.25
8.75
9.25
9.75
10.375
11.0
11.625
7.875
4.625
5.0
5.5
6.0
6.5
7.0
7.5
8.125
8.75
9.375
10.0
10.625
11.25
12.0
12.875
7.375
7.625
8.25
8.875
9.5
10.125
10.75
11.375
12.0
5.375
1.125
1.25
1.375
1.5
1.625
1.875
2.25
2.625
3.0
3.375
3.875
1.125
1.25
1.5
1.75
2.0
2.25
2.5
2.75
3.0
3.25
3.5
3.75
4.25
4.75
5.25
5.75
6.25
6.75
7.25
7.75
5.0
2.625
2.75
3.0
3.25
3.5
3.75
4.0
4.25
4.5
4.75
5.25
5.75
6.25
6.75
7.25
7.75
8.375
9.0
9.625
10.25
10.875
11.5
12.125
12.75
13.5
14.25
15.0
15.75
7.0
5.0
5.375
5.75
6.125
6.5
7.0
7.5
8.0
8.5
9.0
9.5
4.0
4.25
4.5
4.75
5.0
5.25
5.5
5.75
6.0
6.375
6.75
7.125
7.5
7.875
8.25
8.625
9.0
1.125
1.25
1.375
1.5
1.625
1.875
2.125
2.375
2.625
3.0
3.375
3.875
4.375
5.0
5.625
6.25
6.125
6.625
7.125
7.625
8.125
8.75
9.375
10.0
10.625
4.5
2.0
2.25
2.5
2.875
3.375
4.0
4.625
5.25
6.0
6.75
4.5
4.625
5.125
5.625
6.125
6.75
7.375
8.125
8.875
9.625
10.375
11.125
11.875
12.625
13.375
14.125
14.875
15.625
9.375
9.875
10.375
10.875
11.375
11.875
12.625
13.375
14.125
14.875
15.625
16.375
17.125
17.875
18.625
19.375
10.125
5.375
2.0
2.25
2.5
2.75
3.0
3.25
3.5
3.875
4.25
4.625
5.0
5.375
5.75
6.25
6.75
7.375
8.0
8.625
9.25
9.875
10.5
11.25
12.125
13.0
6.0
6.375
7.25
8.125
9.125
10.25
11.375
12.5
13.625
14.875
16.125
17.5
18.875
13.5
9.25
6.25
4.875
5.375
6.0
6.625
7.25
7.875
8.5
9.125
9.75
10.5
11.25
12.0
12.75
13.5
14.25
15.0
15.75
14.625
15.25
16.0
16.75
17.5
18.25
19.0
19.875
20.75
12.0
4.125
2.0
0.75
0.875
1.0
1.125
1.25
1.375
1.5
1.625
1.75
1.875
2.0
2.25
2.5
2.75
3.0
3.25
3.5
3.75
4.0
4.25
4.5
4.75
5.0
5.25
5.5
5.75
6.0
6.25
6.625
7.0
7.375
7.75
8.25
8.875
9.5
10.125
10.875
11.75
12.75
13.75
14.75
15.75
16.75
17.75
12.625
12.125
11.75
12.25
13.0
13.75
14.625
15.625
16.625
9.625
9.125
10.0
10.875
11.75
12.75
13.75
14.75
15.875
17.0
18.25
19.5
20.75
22.0
14.375
10.25
11.25
12.25
13.25
14.25
15.25
16.375
17.75
19.125
20.5
21.875
23.25
24.625
26.0
27.375
28.75
30.125
31.5
32.875
29.5
27.5
28.625
29.75
30.875
32.0
33.125
34.375
35.625
36.875
38.125
39.375
40.625
41.875
43.25
32.875
27.625
22.375
18.5
14.5
10.875
7.125
5.5
5.75
6.25
6.875
7.5
8.125
8.75
9.375
10.0
10.625
11.375
12.375
13.375
8.0
7.25
8.125
9.125
10.125
11.25
12.375
13.625
14.875
16.25
17.625
19.0
16.0
13.25
14.5
15.75
17.0
18.25
19.5
20.875
22.375
23.875
18.875
17.125
17.25
18.625
20.0
21.375
22.75
24.375
26.0
27.75
29.5
31.375
33.25
35.125
37.0
38.875
40.875
42.875
44.875
36.5
30.5
26.0
22.75
19.875
18.75
19.875
21.0
22.125
23.25
24.375
25.5
26.875
28.5
24.5
26.0
27.5
29.125
30.75
32.375
34.0
35.875
37.875
28.5
19.375
15.875
14.375
14.125
15.375
16.625
17.875
19.125
20.375
21.625
22.875
24.125
25.375
26.625
28.0
22.875
20.75
18.875
17.25
17.75
18.625
19.625
20.625
21.625
22.875
24.125
25.375
26.75
28.25
29.75
31.5
33.25
35.0
36.75
38.5
40.375
42.375
44.375
33.625
27.125
22.25
21.75
23.0
24.25
25.5
26.75
28.125
29.625
22.875
20.125
19.875
21.125
22.375
23.625
25.0
26.625
28.25
30.0
21.375
12.875
10.875
12.0
13.125
14.25
15.5
16.875
18.375
19.875
21.375
22.875
24.5
26.125
23.625
22.125
20.875
19.75
19.375
20.375
21.375
22.375
23.375
24.5
25.625
26.875
28.25
29.625
31.0
32.375
33.75
35.125
36.5
37.875
39.25
40.625
42.125
31.25
22.5
20.625
19.75
20.625
21.5
22.375
23.5
24.625
13.625
7.25
7.625
8.125
9.0
9.875
10.75
11.625
12.5
13.375
14.5
15.625
12.5
10.875
9.875
9.875
10.5
11.125
11.75
12.375
13.0
13.75
14.5
15.25
16.0
16.75
12.875
10.5
11.125
11.75
12.5
13.25
14.0
14.75
15.5
16.25
17.0
18.0
19.0
20.125
21.5
15.5
11.25
11.875
12.875
14.0
15.125
16.25
17.375
18.625
19.875
14.0
11.0
9.0
8.5
9.0
9.875
10.75
11.75
12.875
14.0
15.125
16.375
17.75
19.25
20.75
22.25
16.375
11.25
10.5
10.125
11.25
12.375
13.5
14.625
15.75
16.875
18.125
19.375
20.625
21.875
23.25
24.625
26.0
21.5
20.0
20.5
21.75
23.0
24.375
25.875
27.375
28.875
30.5
32.25
34.0
35.75
37.5
39.25
41.0
42.875
44.75
46.75
48.75
38.375
29.0
23.125
19.625
18.25
17.25
18.125
19.0
20.0
21.125
22.25
23.625
13.875
11.75
10.25
10.125
10.875
11.625
12.5
13.375
14.375
15.375
16.375
17.5
18.625
14.375
10.125
10.0
10.75
11.5
12.375
13.25
14.125
15.125
16.125
17.125
18.125
19.25
20.375
21.625
20.625
21.75
22.875
24.125
25.375
26.75
28.25
29.75
31.25
32.875
34.5
25.625
17.625
10.75
7.875
5.875
6.25
6.625
7.0
7.5
8.0
8.5
9.0
9.625
10.25
10.875
11.5
12.125
12.75
4.875
1.5
0.0
0.0
0.0
0.0
0.0
0.0
0.125
0.375
0.625
0.875
1.125
1.375
1.625
1.875
2.125
2.375
2.625
2.875
3.125
3.375
1.75
1.875
2.0
2.125
2.25
2.375
2.5
2.625
2.75
2.875
3.0
3.125
3.25
3.375
3.5
3.625
3.875
4.125
0.75
1.0
1.375
1.75
2.125
2.5
2.875
3.375
3.875
2.875
3.375
3.875
4.375
4.875
5.375
5.875
6.375
6.875
7.375
7.875
5.75
4.625
4.875
5.125
5.375
5.625
5.875
6.125
6.375
6.75
7.125
7.5
8.0
8.5
9.125
9.875
10.75
11.75
12.75
13.75
8.25
8.375
9.125
10.0
10.875
11.75
12.625
13.5
14.375
15.25
16.125
17.0
17.875
18.75
19.625
20.5
21.375
22.375
23.375
17.75
15.25
12.625
10.75
11.25
11.75
12.25
12.75
13.375
14.0
5.875
6.375
7.0
7.75
8.625
9.5
10.375
11.25
12.125
13.0
13.875
14.75
15.75
16.875
18.125
19.5
14.875
15.625
16.75
18.0
19.25
20.5
21.75
23.125
24.625
26.125
27.75
29.375
31.0
32.625
34.25
36.0
37.75
33.5
32.375
31.625
33.0
34.375
35.75
37.125
38.5
39.875
41.375
42.875
44.375
45.875
47.5
49.125
50.75
52.375
41.25
31.25
21.875
12.875
8.5
9.0
9.5
10.0
10.5
11.0
11.75
12.5
13.25
14.0
14.75
15.5
16.25
17.0
11.375
12.0
12.75
13.5
14.25
15.125
16.0
16.875
17.75
8.5
5.375
4.5
4.75
5.125
5.5
6.0
6.75
7.75
3.875
3.25
4.125
5.25
6.375
7.5
8.625
9.875
11.125
12.5
13.875
15.25
16.625
18.0
19.375
20.75
22.125
23.5
19.75
17.0
16.75
17.875
19.0
20.125
21.25
22.375
23.625
21.125
18.625
19.75
20.875
22.125
23.375
24.625
26.125
27.625
29.125
30.75
32.375
34.125
25.25
18.625
14.25
13.375
13.25
14.0
14.75
15.5
16.25
17.125
18.0
18.875
19.75
20.625
21.625
22.625
23.75
25.0
21.375
17.625
18.75
20.0
21.25
22.625
24.0
25.375
26.875
28.375
29.875
21.375
16.375
11.5
9.5
10.0
10.5
11.0
11.5
12.0
12.5
13.25
6.75
1.0
1.375
1.75
2.125
2.5
3.0
3.5
4.0
4.5
5.25
6.0
6.75
7.625
8.5
9.375
10.25
11.125
12.0
12.875
10.125
8.75
9.25
9.75
10.25
11.0
11.75
12.5
13.25
14.0
14.75
15.625
10.75
10.375
10.5
11.0
11.5
12.0
12.5
13.0
13.5
14.0
14.625
15.25
15.875
16.5
17.125
17.75
18.375
19.0
19.75
7.25
4.25
2.0
2.375
2.75
3.25
3.875
4.5
5.25
6.0
4.25
3.75
3.25
3.625
4.0
4.375
4.75
5.25
5.75
6.375
4.375
3.0
3.5
4.125
4.75
5.5
6.25
7.0
7.75
8.5
9.25
10.0
10.875
11.75
12.625
13.5
14.5
15.5
14.5
14.875
15.625
16.375
17.125
17.875
18.625
19.625
20.625
21.625
22.625
23.625
24.75
19.5
16.125
12.625
13.375
14.25
15.25
16.25
17.375
18.625
19.875
10.875
5.875
3.875
3.375
3.625
4.125
4.625
5.25
5.875
6.5
7.375
8.25
9.125
10.125
11.125
12.25
9.75
8.125
8.75
9.625
10.5
11.375
12.375
13.375
14.375
15.375
16.375
17.375
18.375
19.5
20.625
21.75
16.5
14.0
11.75
11.625
12.25
13.0
13.75
14.5
15.375
16.25
17.125
18.0
18.875
19.75
20.75
21.75
22.75
23.75
24.75
25.75
26.75
19.75
16.0
12.375
12.875
13.375
13.875
14.375
15.125
16.0
8.0
8.625
9.25
9.875
10.5
11.25
12.0
12.875
13.75
5.375
4.375
4.875
5.5
6.25
7.0
7.75
8.5
9.25
10.0
10.75
11.625
12.5
13.5
14.625
15.875
17.125
18.375
13.875
10.75
10.75
11.375
12.0
12.875
13.75
14.625
15.5
16.375
17.5
18.875
20.25
21.625
23.0
24.375
25.75
27.25
28.875
30.5
32.125
33.75
25.5
23.0
22.625
22.875
24.125
25.5
26.875
28.25
29.875
22.375
16.125
16.0
17.125
18.375
19.625
21.0
22.375
23.75
25.125
26.5
27.875
23.375
19.75
16.75
15.25
16.375
17.75
19.125
20.5
21.875
23.25
24.625
26.125
27.625
29.125
30.75
32.375
34.125
35.875
37.75
30.5
23.875
21.5
21.75
23.0
24.375
25.75
27.125
28.625
30.125
31.625
33.125
34.625
36.125
37.625
39.125
40.75
42.375
44.125
45.875
47.625
49.375
51.25
53.125
55.25
43.875
37.25
34.0
35.875
37.75
39.75
41.75
43.875
46.125
35.5
32.625
29.75
29.75
29.875
30.125
31.625
33.125
34.75
36.375
38.0
39.75
31.0
23.375
16.75
14.25
12.125
9.875
8.375
9.375
10.375
11.375
12.375
13.5
14.625
15.75
14.375
13.0
14.125
15.25
16.375
17.625
18.875
20.125
21.375
22.625
23.875
25.125
26.5
27.875
24.0
25.25
26.5
27.875
29.5
31.125
32.75
34.375
36.0
28.625
24.5
21.0
17.75
18.875
20.0
21.125
22.375
23.625
25.0
26.375
27.75
29.125
30.5
31.875
33.375
34.875
36.375
38.0
39.625
30.5
22.875
18.5
15.125
16.125
17.125
18.125
19.125
20.375
21.625
22.875
24.125
25.375
26.625
27.875
29.125
30.375
31.625
23.0
18.0
14.875
15.75
16.625
17.5
18.375
19.5
20.625
21.75
22.875
24.0
25.125
26.375
27.75
29.125
30.5
31.875
22.5
16.625
16.625
17.375
18.25
19.125
20.125
21.25
22.5
13.0
10.75
11.5
12.375
13.625
14.875
16.25
17.75
19.25
20.875
22.625
24.5
26.375
19.75
16.625
16.625
16.75
18.125
19.625
21.125
22.75
24.375
26.0
27.625
29.25
31.0
32.75
34.5
36.25
38.0
33.0
30.875
32.125
33.375
34.625
35.875
37.125
38.375
39.625
40.875
42.125
43.375
44.625
46.0
47.375
36.5
26.0
18.0
13.625
9.5
6.0
6.25
6.5
6.75
7.0
7.375
7.75
8.125
8.5
8.875
9.25
9.75
10.375
11.0
11.625
5.5
3.25
3.125
3.75
4.375
5.0
5.75
6.625
7.625
8.875
8.75
10.0
11.25
12.625
14.0
15.375
16.75
18.375
20.0
16.25
15.375
16.875
18.375
19.875
21.375
22.875
24.5
26.125
27.875
29.625
31.375
33.125
29.875
27.375
24.875
22.75
23.5
24.75
26.0
27.25
28.625
30.0
24.0
20.875
17.75
15.25
14.625
15.5
16.5
17.5
18.625
19.875
21.125
22.375
23.625
25.0
26.375
27.875
29.375
20.875
16.125
12.625
13.25
14.125
15.0
15.875
16.75
17.625
18.5
19.375
20.25
21.125
22.125
23.125
21.125
19.75
20.625
21.625
22.75
23.875
25.0
26.125
27.25
28.375
29.5
30.625
31.875
33.125
34.375
35.625
37.125
26.625
21.625
16.5
14.75
15.25
16.125
17.0
17.875
18.75
19.625
20.5
21.375
22.375
23.375
24.375
15.125
16.0
16.875
17.875
19.0
20.125
21.25
22.375
23.5
24.625
25.75
27.0
28.25
29.5
20.625
12.25
10.75
9.5
10.125
10.75
11.5
12.25
13.125
14.0
15.0
16.0
17.125
18.25
19.375
11.625
12.75
13.875
15.0
16.25
17.625
19.0
20.375
21.875
23.5
25.125
26.75
18.875
17.375
17.75
18.75
19.75
20.75
21.875
23.125
24.375
25.625
22.625
19.75
16.875
14.125
12.25
13.125
14.0
14.875
15.75
16.75
17.75
18.75
19.75
20.875
22.0
23.125
24.25
25.375
16.875
12.625
13.5
14.375
15.25
16.25
17.25
18.25
19.375
20.5
21.625
22.75
24.0
17.0
15.5
14.625
13.875
14.5
15.125
15.75
16.5
17.375
18.25
19.25
20.25
21.375
22.5
23.625
24.75
25.875
27.0
28.125
29.25
17.375
10.125
7.5
6.25
7.0
7.75
8.5
9.25
10.0
10.75
11.625
12.5
13.375
7.875
6.75
5.875
6.375
6.875
7.375
7.875
8.5
9.25
6.125
3.75
4.25
4.75
5.375
6.0
6.625
7.25
8.0
8.875
9.75
10.75
11.875
13.0
10.75
9.5
9.75
10.5
11.5
12.5
13.625
14.75
15.875
17.0
18.125
19.375
20.625
21.875
23.25
24.625
26.0
27.375
20.125
18.0
15.875
14.875
15.75
16.625
17.625
18.625
19.625
20.625
21.75
22.875
14.125
9.0
7.375
8.0
8.625
9.25
10.0
10.75
11.5
12.25
13.0
13.75
14.5
15.25
10.875
8.375
7.75
8.5
9.375
10.25
11.125
12.0
12.875
13.75
14.625
15.5
16.375
17.375
18.375
19.375
15.75
16.25
17.0
17.875
18.75
19.625
20.75
21.875
23.25
24.75
26.375
28.0
29.625
31.375
33.125
34.875
36.75
26.5
23.375
20.625
17.75
18.875
20.125
21.375
22.625
23.875
25.125
26.375
27.625
28.875
30.125
22.5
17.5
16.0
15.375
15.875
16.625
17.375
18.125
18.875
19.625
20.5
21.375
22.375
23.375
14.0
5.125
5.5
6.0
6.5
7.0
7.5
8.0
8.5
9.0
9.5
10.0
10.5
11.0
8.125
8.5
8.875
9.25
9.625
10.0
10.375
10.75
11.375
12.0
12.625
13.25
8.125
7.875
8.25
8.625
9.0
9.375
9.75
10.125
10.625
6.125
1.625
1.875
2.25
2.625
3.0
3.375
3.75
4.25
4.75
5.25
5.75
6.25
6.875
7.5
8.125
8.75
9.375
6.625
4.5
3.375
3.75
4.25
4.875
5.5
6.125
6.75
7.5
8.25
9.125
10.0
10.875
11.75
12.75
13.75
14.75
15.75
16.75
13.75
14.5
15.25
16.125
17.0
18.0
19.0
20.0
21.125
22.375
23.625
24.875
26.25
27.625
29.0
30.375
31.75
22.875
19.375
15.875
12.25
11.375
12.0
12.75
13.625
14.5
15.375
16.25
17.125
18.125
19.125
20.125
12.5
13.25
14.125
15.25
16.375
17.5
18.625
19.75
20.875
22.0
23.125
24.25
25.375
26.5
27.625
18.125
12.5
10.75
11.5
12.25
13.0
13.75
14.5
15.375
16.25
17.25
18.25
19.25
20.375
21.625
13.0
10.375
11.25
12.25
13.25
14.5
15.75
17.0
18.375
19.875
21.375
22.875
24.375
25.875
27.375
28.875
30.375
31.875
25.625
22.75
21.125
20.0
20.875
21.75
22.625
23.625
24.75
16.5
13.0
11.25
11.25
11.875
12.625
13.375
14.25
15.25
16.25
17.375
18.5
19.625
20.75
22.0
23.375
14.125
10.25
9.25
8.5
9.25
10.0
10.75
11.5
12.25
13.0
13.75
14.5
15.25
16.0
16.75
17.5
18.25
19.125
16.625
14.75
15.5
16.375
17.375
18.375
19.375
20.5
21.75
23.0
24.25
25.5
26.75
28.0
29.25
30.5
31.75
33.0
34.375
28.875
23.5
19.125
15.625
14.0
12.375
10.875
9.25
9.875
10.5
11.25
12.0
13.0
12.25
13.25
14.5
15.875
17.5
18.875
20.5
22.25
24.0
25.75
27.5
29.25
31.125
33.0
35.0
25.25
24.625
24.625
26.25
27.875
29.5
31.125
32.75
34.5
36.25
38.0
39.75
41.625
43.5
45.375
47.5
38.75
32.375
27.75
29.125
30.75
32.375
34.125
36.0
37.875
39.75
41.625
43.625
45.625
47.625
49.625
51.625
53.75
55.875
58.125
49.5
42.125
34.875
28.125
23.375
19.125
17.75
16.75
17.625
18.5
19.5
20.5
21.625
22.875
24.25
25.75
27.375
18.625
14.0
11.0
11.875
12.75
13.625
14.625
15.75
17.125
11.375
9.25
10.375
11.625
13.0
14.375
16.0
17.625
19.25
21.0
22.75
24.625
26.5
28.375
30.25
32.25
34.25
36.25
38.25
40.5
42.875
36.5
31.125
28.75
27.25
26.375
27.875
29.375
30.875
32.375
34.0
35.625
37.25
39.0
40.75
42.625
44.5
36.625
28.75
22.125
19.5
18.0
19.125
20.25
21.5
22.875
24.25
25.625
27.0
28.375
29.75
31.125
32.5
33.875
35.25
36.625
26.375
21.5
17.625
15.5
14.5
15.375
16.375
17.375
18.5
19.875
21.5
23.125
19.125
16.375
13.75
14.875
16.0
17.125
18.25
19.375
20.5
21.875
23.25
24.625
26.0
27.375
28.75
30.25
31.75
26.375
22.375
19.75
17.75
18.75
19.75
20.875
22.125
23.5
24.875
21.0
17.625
18.875
20.125
21.375
22.625
23.875
25.125
26.375
27.75
29.125
30.5
21.375
15.75
12.625
10.0
10.75
11.5
12.25
13.125
14.0
14.875
15.75
16.625
17.5
18.5
19.5
20.5
21.75
23.125
24.625
26.375
23.375
20.5
21.0
21.875
23.625
25.375
27.125
29.0
30.875
32.875
34.875
37.0
39.125
41.375
43.625
45.875
48.25
50.625
53.0
55.375
57.75
60.125
62.625
65.125
67.625
62.5
57.5
53.875
51.125
49.75
48.5
47.125
47.0
47.25
49.875
40.25
33.625
30.375
31.5
34.0
36.5
39.0
41.75
44.875
48.125
40.375
36.0
33.375
31.375
31.375
31.75
32.75
35.25
37.75
40.25
42.75
45.25
47.75
50.375
53.0
51.625
50.5
49.5
48.75
50.625
53.125
55.625
58.125
60.625
63.125
65.625
68.25
71.0
63.5
56.0
53.375
50.75
48.125
45.75
43.375
41.0
43.25
43.25
44.75
46.75
48.75
50.875
53.0
55.125
57.5
48.0
38.5
33.125
27.875
29.625
31.75
33.875
36.0
38.25
40.625
43.0
45.375
47.75
50.25
52.875
55.5
58.125
60.875
55.875
52.25
48.5
45.875
43.375
42.5
42.0
42.875
44.875
35.625
29.875
27.375
25.125
24.625
26.5
28.375
30.375
32.375
34.375
36.375
38.375
40.375
42.375
44.375
46.5
48.625
50.75
52.875
55.0
57.125
59.25
61.375
63.5
55.625
49.875
45.375
40.875
36.625
32.625
34.0
35.375
37.0
38.625
40.25
42.0
43.75
35.625
31.75
33.125
34.625
36.125
37.625
39.125
40.625
42.125
35.75
31.125
26.5
21.875
17.125
12.375
10.0
10.75
11.75
12.75
13.875
15.125
12.375
12.25
13.625
15.0
16.625
18.375
20.125
21.875
23.625
25.375
27.125
28.875
30.625
32.375
34.125
35.875
37.875
39.875
33.625
27.5
24.25
22.5
20.75
22.0
23.25
24.5
25.875
27.25
28.625
30.0
31.5
33.0
34.625
36.25
38.0
39.875
41.75
39.0
36.5
33.875
34.25
35.0
36.375
38.0
39.625
41.25
42.875
44.625
46.75
39.625
35.0
30.625
26.25
23.25
22.0
21.0
22.625
24.375
26.125
27.875
29.625
31.5
33.5
26.875
21.625
18.625
19.0
20.0
21.625
23.25
24.875
26.5
28.125
29.75
31.5
33.25
35.0
36.875
38.75
40.75
42.75
44.75
46.75
48.75
50.75
52.75
54.75
56.75
52.75
49.25
45.625
43.125
41.0
42.25
43.75
45.5
47.5
39.625
34.25
29.0
25.25
23.0
20.875
19.0
20.125
21.5
22.75
18.5
14.5
10.5
12.0
13.625
15.375
17.375
19.375
21.375
23.375
25.375
27.375
29.375
31.375
33.375
33.125
34.875
36.875
38.875
40.875
42.875
45.0
47.125
49.25
51.5
53.75
56.0
53.25
50.375
47.375
44.5
41.875
43.75
45.625
47.625
49.625
41.875
34.375
26.75
20.625
17.5
14.375
12.5
13.75
15.0
16.25
17.5
18.75
20.0
21.25
22.5
23.75
25.0
26.25
27.75
29.25
30.75
32.375
34.0
27.25
24.25
25.75
27.25
28.75
30.25
31.75
33.25
34.75
36.25
37.75
39.25
31.25
30.5
29.75
29.125
30.25
31.375
32.5
33.625
34.875
36.125
37.375
38.75
40.25
41.875
43.5
45.125
46.875
48.75
50.625
52.5
54.5
56.5
58.5
60.5
47.5
36.5
29.5
23.25
18.75
20.125
21.5
22.875
24.375
25.875
27.375
29.0
30.625
32.375
34.375
29.25
27.625
27.125
28.625
30.125
31.625
33.125
34.625
36.125
27.625
23.875
20.375
16.75
15.125
13.625
12.25
12.25
13.25
14.25
15.375
16.625
10.875
9.0
7.125
6.625
7.625
8.625
9.625
10.625
11.625
12.625
13.75
14.875
16.0
17.25
18.5
19.75
21.0
22.25
23.625
25.0
22.5
20.875
22.0
23.125
24.5
26.0
27.5
29.125
30.75
24.625
26.125
27.625
29.125
30.625
32.375
34.125
36.125
38.25
33.125
28.125
24.75
21.375
18.0
15.625
15.625
16.875
16.875
18.0
19.125
20.25
21.5
22.75
24.0
25.25
26.5
27.75
29.125
30.625
32.375
26.75
23.75
21.125
19.0
20.125
21.25
22.375
23.5
24.625
25.75
26.875
28.125
29.375
30.625
32.0
33.375
34.75
36.125
37.5
39.0
28.75
20.25
19.75
19.375
20.125
20.875
21.625
22.375
23.25
13.375
14.125
15.0
16.0
17.0
18.0
19.0
20.125
21.375
22.625
24.0
14.75
7.625
6.875
7.5
8.125
8.75
9.375
10.125
10.875
11.625
12.375
13.125
13.875
14.625
15.375
16.125
16.875
17.625
15.0
14.0
14.625
15.25
15.875
16.5
17.125
17.75
18.375
19.0
19.625
20.25
20.875
21.5
22.125
22.75
23.375
24.125
13.0
7.5
7.875
8.25
8.625
9.0
9.5
10.0
10.5
11.125
11.75
12.375
6.875
7.5
8.125
8.875
9.625
10.5
11.375
12.25
13.125
14.25
15.375
16.5
10.625
7.5
6.25
6.125
6.75
7.625
8.5
9.5
10.5
11.5
12.5
13.5
14.625
15.75
17.0
18.25
12.5
11.625
12.625
13.625
14.625
15.625
16.75
17.875
19.0
20.125
21.25
22.375
23.5
24.625
25.875
27.125
28.375
29.625
31.0
32.375
24.375
17.0
9.875
7.625
8.375
9.125
10.0
10.875
11.75
12.75
13.875
15.0
16.125
17.375
18.75
20.125
12.375
11.125
12.0
12.875
13.75
14.625
15.625
16.625
17.75
19.0
13.625
12.0
12.875
13.875
14.875
15.875
17.0
18.125
19.25
20.375
21.625
22.875
24.125
25.375
19.75
14.875
11.5
8.625
9.5
10.375
11.375
12.5
13.625
14.875
16.125
17.375
18.75
20.125
21.5
22.875
24.25
25.625
27.0
28.375
29.75
21.75
16.75
15.0
13.375
11.625
12.125
12.625
13.25
14.125
7.25
8.125
9.125
10.25
11.375
12.625
13.875
15.125
16.375
17.75
10.5
9.875
9.25
10.25
11.375
12.5
13.625
14.875
16.125
17.375
18.625
19.875
21.25
22.625
24.0
23.625
23.25
23.0
24.125
25.25
26.375
27.625
28.875
30.125
31.375
32.625
33.875
35.125
36.375
37.75
39.125
40.625
42.25
32.875
23.5
16.5
12.5
8.75
7.5
8.375
9.25
10.125
11.0
11.875
12.75
13.625
14.5
15.375
16.25
17.125
18.125
19.125
20.125
21.25
19.25
17.25
15.375
16.375
17.375
18.375
19.5
20.625
21.75
22.875
16.25
15.625
16.5
17.375
18.25
19.125
20.0
20.875
21.75
22.75
13.25
8.625
9.125
9.75
10.375
11.125
11.875
12.625
13.375
14.125
15.125
16.125
17.125
18.25
19.375
20.625
22.0
23.375
17.875
12.375
9.5
10.25
11.0
11.875
12.75
13.625
14.875
16.125
9.625
8.125
6.75
7.5
8.25
9.0
9.875
10.75
11.625
12.5
13.375
14.25
15.125
10.625
7.875
8.375
9.0
9.75
10.5
11.25
12.0
12.75
13.5
14.25
15.0
15.75
16.75
17.875
10.875
8.25
8.0
8.375
8.875
9.625
10.375
11.125
11.875
12.625
13.375
14.125
14.875
15.625
16.375
17.125
17.875
18.625
19.375
20.125
21.0
22.0
23.125
17.625
18.75
20.0
21.375
22.75
24.125
25.625
27.125
28.625
19.0
16.25
13.75
14.875
16.0
17.125
18.25
19.5
20.75
22.0
15.625
11.125
6.875
7.5
8.25
9.0
9.75
10.625
11.625
12.625
13.75
15.0
16.25
17.5
18.75
20.0
21.25
22.5
15.875
13.0
12.625
13.5
14.5
15.625
16.75
17.875
19.25
20.625
22.0
23.375
25.0
26.625
28.25
29.875
31.625
33.5
25.5
22.125
21.75
23.0
24.375
25.875
27.5
29.375
31.375
24.375
18.75
18.75
19.25
19.75
21.0
22.25
23.5
24.875
26.25
27.625
29.25
23.625
18.25
12.875
8.5
6.5
6.375
7.125
7.875
8.625
9.375
10.125
10.875
11.625
12.5
13.5
14.5
14.0
13.375
14.125
14.875
15.625
16.375
17.125
17.875
18.625
19.5
20.375
21.25
22.125
23.0
23.875
13.5
13.125
13.625
14.25
14.875
15.5
16.25
17.0
17.75
13.25
8.75
8.125
8.5
8.875
9.25
9.625
10.0
10.375
10.75
11.125
11.5
11.875
12.25
12.625
7.625
2.625
2.875
3.125
3.375
3.625
3.875
4.125
4.5
4.875
5.25
5.625
6.0
6.375
6.75
7.125
7.5
7.875
8.25
8.625
9.0
4.375
2.0
2.25
2.5
2.75
3.0
3.375
3.75
4.125
4.5
4.875
5.375
5.875
6.375
6.875
7.375
7.875
8.375
8.875
8.25
8.75
9.375
10.0
10.625
11.25
11.875
12.5
13.25
8.75
5.75
6.25
6.75
7.25
7.75
8.25
8.75
9.25
9.75
10.25
10.75
11.25
11.75
12.375
13.0
8.75
6.0
6.375
6.75
7.125
7.5
7.875
8.25
8.625
9.125
9.875
10.625
11.375
12.125
12.875
13.625
14.375
15.125
16.0
16.875
17.875
11.75
7.5
6.375
6.875
7.375
7.875
8.375
9.0
9.625
10.25
10.875
11.5
12.125
12.75
13.375
14.0
14.625
15.25
15.875
16.5
17.25
13.875
11.375
8.875
9.375
9.875
10.375
10.875
11.375
12.0
12.625
3.25
3.75
4.25
4.75
5.25
5.875
6.5
7.125
7.75
8.375
9.0
9.625
10.375
8.0
5.75
6.5
7.25
8.0
8.75
9.625
10.5
11.375
12.25
13.125
14.0
15.0
16.0
17.0
18.0
13.875
14.625
15.375
16.25
17.125
18.0
18.875
19.75
20.625
21.5
22.375
23.25
24.125
15.5
7.625
5.5
5.75
6.0
6.375
6.75
7.125
7.625
8.125
8.625
9.25
9.875
10.5
5.75
5.25
5.625
6.0
6.375
6.75
7.125
7.625
8.125
8.625
9.25
10.0
6.125
3.875
3.875
4.25
4.625
5.0
5.5
6.0
6.5
7.0
7.5
8.0
8.5
9.0
9.75
4.375
3.5
3.375
3.625
3.875
4.125
4.375
4.625
4.875
5.125
5.375
5.625
5.875
6.125
6.375
6.625
7.0
7.375
7.75
8.125
8.5
9.0
4.125
3.875
4.375
5.125
5.875
6.75
7.75
8.875
10.0
5.875
5.5
6.25
7.0
7.75
8.5
9.25
10.0
10.875
11.875
12.875
13.875
12.5
11.125
12.0
12.875
13.75
14.75
15.75
16.75
17.75
18.875
20.0
21.125
22.25
23.625
25.0
26.375
27.75
19.5
13.625
11.875
12.625
13.375
14.125
15.0
16.0
17.0
18.0
19.125
20.25
21.5
22.75
24.125
25.5
26.875
28.25
29.75
31.25
32.875
34.5
36.25
38.0
39.75
41.5
30.75
22.25
20.0
21.125
22.25
23.375
24.5
25.75
27.0
28.375
20.5
19.625
18.75
19.625
20.875
22.125
23.375
24.75
26.125
18.125
11.375
7.125
8.0
8.875
9.875
10.875
11.875
13.0
14.125
15.375
16.625
17.875
19.125
20.375
18.375
17.625
18.625
19.625
20.625
21.625
22.625
23.625
24.625
25.625
26.625
18.5
15.125
12.875
11.0
11.5
12.0
12.5
13.0
13.5
14.0
14.75
15.5
16.25
17.0
11.75
7.0
3.0
3.375
3.75
4.125
4.625
5.125
5.75
6.375
7.125
7.875
8.625
9.375
10.125
10.875
11.75
7.625
8.375
9.125
9.875
10.625
11.375
12.125
12.875
13.75
14.625
15.5
16.375
10.0
6.25
6.0
6.25
6.625
7.0
7.375
7.875
8.375
8.875
9.375
9.875
10.5
11.125
11.75
12.375
13.0
13.75
14.5
15.375
9.25
8.0
8.5
9.0
9.5
10.125
10.75
11.375
12.0
3.625
1.5
1.75
2.0
2.25
2.5
2.75
3.0
3.25
3.5
1.25
1.25
1.375
1.5
1.625
1.75
1.875
2.0
2.125
2.375
2.625
2.875
3.125
3.375
3.75
4.125
4.5
1.625
0.625
0.875
1.125
1.5
1.875
2.25
2.75
3.25
3.75
4.25
4.75
5.25
5.75
6.25
6.875
7.5
8.125
9.0
6.0
6.375
7.0
7.625
8.375
9.125
10.0
10.875
11.75
8.625
9.375
10.125
10.875
11.625
12.375
13.125
13.875
14.625
15.375
16.125
16.875
17.75
18.625
19.625
20.75
13.125
10.625
8.125
5.75
5.75
5.625
5.75
6.25
6.875
7.5
8.25
9.0
9.75
10.5
11.25
12.0
12.875
13.75
14.75
15.875
11.375
9.0
9.75
10.5
11.25
12.0
12.75
13.5
14.25
15.0
15.75
16.5
17.25
18.125
19.0
19.875
20.75
21.75
22.75
23.75
16.375
10.25
8.875
9.25
9.625
10.125
10.625
11.125
11.625
12.125
12.625
13.125
5.75
4.5
4.625
4.75
4.875
5.0
5.125
5.25
5.375
5.5
5.625
5.875
6.125
0.375
0.75
1.125
1.5
1.875
2.25
2.75
3.25
3.75
4.25
4.75
5.25
5.75
6.25
6.75
7.375
8.125
6.375
4.75
5.25
5.75
6.375
7.0
7.625
8.375
9.125
9.875
10.75
11.625
12.75
14.0
11.375
12.5
13.625
14.75
15.875
17.125
18.375
19.625
20.875
16.0
12.875
10.875
9.0
7.625
8.25
8.875
9.625
10.375
11.25
12.25
13.25
14.375
15.5
16.625
9.5
7.125
6.375
5.75
5.25
5.875
6.5
7.125
7.75
8.375
9.0
9.625
10.25
10.875
11.5
12.125
12.75
13.375
14.125
15.0
11.875
12.625
13.375
14.125
15.0
15.875
16.75
17.625
18.5
19.375
20.25
21.125
22.0
23.0
18.625
15.125
14.125
14.625
15.125
15.75
16.375
17.0
17.75
9.625
4.5
4.875
5.25
5.625
6.125
6.625
7.125
7.625
8.125
8.625
9.125
3.875
2.0
2.25
2.5
2.75
3.25
3.75
4.25
4.875
5.5
6.125
6.75
7.375
8.0
8.625
9.25
9.875
10.5
11.125
11.75
9.875
8.375
8.875
9.5
10.375
11.25
12.125
13.0
13.875
14.75
15.625
16.5
17.375
18.25
19.125
20.0
20.875
21.75
22.625
12.875
9.0
6.875
7.375
7.875
8.375
9.0
9.625
10.25
10.875
11.625
12.375
9.625
9.25
9.75
10.375
11.0
11.75
12.5
13.25
14.0
14.75
15.5
16.375
17.25
7.875
4.125
4.625
5.125
5.625
6.125
6.625
7.125
7.75
8.375
9.0
9.625
10.25
10.875
11.5
6.0
1.125
0.0
0.125
0.375
0.625
1.0
1.375
1.75
2.125
2.5
2.875
3.375
3.875
4.375
4.875
5.375
5.875
6.375
7.0
7.625
8.25
5.125
2.875
0.75
0.875
1.0
1.125
1.375
1.625
2.0
2.5
3.0
3.5
4.125
4.75
5.5
6.25
7.0
7.75
8.5
9.25
7.0
7.625
8.375
9.125
10.0
10.875
11.75
12.625
13.5
14.375
15.25
16.125
17.0
17.875
18.75
19.625
20.5
21.375
22.375
23.5
24.625
21.25
21.625
21.875
22.625
23.375
24.125
24.875
25.625
26.375
27.125
28.0
28.875
29.875
30.875
32.0
21.375
10.625
10.5
11.0
11.5
12.0
12.5
13.0
13.5
14.125
14.75
15.375
8.0
2.75
2.75
3.0
3.25
3.5
3.875
4.375
4.875
5.375
5.875
6.5
7.125
7.75
8.5
3.25
3.0
3.375
3.75
4.25
4.75
5.25
5.75
6.375
7.0
7.625
8.25
8.875
9.5
10.125
10.75
11.375
12.125
12.875
13.625
14.5
15.375
16.25
17.125
18.0
14.5
10.875
11.5
12.125
12.75
13.375
14.0
14.625
15.25
16.0
8.25
2.75
3.125
3.5
3.875
4.25
4.625
5.125
5.625
6.125
6.625
7.375
8.125
8.875
9.625
10.375
11.125
12.25
13.375
14.5
15.625
9.25
9.5
10.375
11.375
12.375
13.5
14.625
15.75
17.0
18.25
19.5
20.75
22.0
23.25
24.625
26.0
20.125
17.875
19.25
20.625
22.0
23.375
24.875
26.375
27.875
29.375
30.875
32.375
34.0
25.0
18.75
16.875
15.875
16.0
16.75
17.5
18.25
19.125
20.0
21.0
22.0
13.0
10.125
7.5
8.0
8.625
9.25
10.0
10.75
11.5
12.375
13.25
14.25
15.375
16.5
17.625
18.75
19.875
14.875
10.125
8.125
8.625
9.125
9.625
10.125
10.625
11.125
11.625
12.125
12.625
13.125
13.625
14.375
15.125
15.875
16.75
17.625
18.5
19.375
20.25
21.125
22.125
23.125
24.25
25.375
26.625
28.0
29.375
20.375
13.0
7.0
6.75
6.5
7.125
7.75
8.375
9.0
9.625
10.375
11.125
11.875
12.625
13.375
14.125
14.0
14.625
15.25
15.875
16.5
17.125
17.75
18.375
19.0
19.75
20.5
21.25
22.0
11.625
4.25
4.625
5.0
5.375
5.875
6.375
6.875
7.5
8.125
8.75
9.5
10.25
3.75
2.125
2.375
2.625
2.875
3.25
3.625
4.125
4.625
5.125
5.625
6.25
6.875
7.5
8.125
8.875
9.75
10.625
10.125
10.75
11.375
12.0
12.625
13.25
13.875
14.5
15.125
9.625
5.75
2.875
0.125
0.25
0.375
0.5
0.75
1.0
1.25
1.5
1.75
2.0
1.375
1.5
1.625
1.75
1.875
2.0
2.125
2.25
2.5
2.75
3.125
3.5
3.875
4.25
4.625
5.0
4.5
4.75
5.0
5.25
5.5
5.75
6.25
6.75
7.25
7.75
8.375
9.0
9.625
10.375
4.875
5.375
5.875
6.375
6.875
7.375
7.875
8.5
9.125
3.5
2.375
2.625
2.875
3.125
3.5
4.0
4.625
5.25
5.875
6.5
7.125
7.75
8.375
9.0
9.625
6.5
5.5
5.875
6.25
6.625
7.0
7.375
7.75
8.125
8.625
9.125
9.625
10.125
10.625
11.125
11.625
12.125
12.625
13.125
13.625
14.25
14.875
15.5
16.125
16.75
17.375
18.125
18.875
19.625
20.375
10.0
2.875
3.5
4.125
4.75
5.375
6.0
6.625
7.25
7.875
8.5
9.125
6.125
4.875
5.25
5.625
6.125
6.625
7.125
7.625
8.125
8.625
9.125
9.625
2.625
1.25
1.375
1.5
1.625
1.875
2.125
2.375
2.625
2.875
3.25
3.625
4.125
4.625
5.125
5.75
6.5
4.375
5.125
6.0
6.875
7.75
8.625
9.5
10.375
11.25
12.25
13.375
14.5
15.625
16.75
17.875
19.125
20.375
15.0
13.125
13.875
14.625
15.375
16.125
16.875
17.75
18.625
11.625
8.75
6.875
7.375
7.875
8.375
8.875
9.375
9.875
10.375
10.875
11.375
11.875
12.375
13.0
6.5
2.875
3.375
4.0
4.625
5.25
5.875
6.5
7.125
7.75
8.375
9.125
10.0
10.875
11.75
12.625
13.5
14.375
15.25
16.125
12.375
13.125
13.875
14.625
15.5
16.375
17.25
18.125
19.0
19.875
20.75
21.75
22.75
23.75
24.75
25.75
26.875
28.0
29.125
18.0
10.375
7.25
8.0
8.875
9.75
10.625
11.5
12.375
13.25
14.125
15.0
15.875
16.75
17.75
12.125
6.875
5.625
5.5
6.0
6.5
7.0
7.5
8.125
8.75
9.5
10.375
5.75
3.5
3.5
4.25
5.0
5.75
6.5
7.25
8.0
8.75
9.5
10.25
11.25
12.25
13.375
11.375
11.75
12.125
13.0
14.0
15.0
16.0
17.0
18.25
19.5
20.875
22.25
23.625
25.125
20.75
20.375
20.625
21.625
22.75
23.875
25.125
26.375
27.625
18.875
13.0
9.0
7.5
8.25
9.0
9.75
10.5
11.25
12.0
12.75
13.5
14.5
15.5
16.625
17.75
19.0
12.125
10.0
10.75
11.625
12.625
13.625
14.625
15.625
16.75
17.875
19.125
20.375
21.625
22.875
24.125
21.375
20.625
21.625
22.625
23.625
24.625
25.875
27.125
28.375
29.625
31.0
32.375
33.75
35.125
36.5
26.875
17.25
14.0
14.875
15.75
16.625
17.5
18.5
19.625
20.875
22.125
23.375
24.625
26.0
16.5
12.875
12.75
13.625
14.5
15.375
16.375
17.375
18.375
19.375
20.375
21.5
22.625
23.875
16.125
14.25
12.375
10.75
11.375
12.0
12.625
13.25
13.875
14.5
15.125
15.875
16.625
17.375
18.125
10.5
5.75
3.875
4.25
4.625
5.0
5.375
5.75
6.125
6.5
7.0
7.625
8.25
8.875
9.5
10.125
11.0
11.875
12.75
13.75
14.75
15.75
16.75
10.75
7.25
7.75
8.25
8.75
9.25
9.875
10.625
11.5
10.375
9.375
9.75
10.375
11.125
11.875
12.625
13.375
14.25
15.125
6.25
6.125
6.875
7.625
8.375
9.125
9.875
10.625
11.375
12.125
12.875
13.625
14.375
15.125
15.875
16.625
17.375
14.25
12.625
13.125
13.625
14.125
14.625
15.125
15.75
16.375
17.0
17.625
18.25
18.875
19.5
20.25
21.0
21.75
22.5
11.375
7.25
5.875
6.125
6.375
6.625
6.875
7.125
7.375
7.625
7.875
8.125
0.0
0.0
0.0
0.0
0.125
0.25
0.375
0.5
0.625
0.75
0.875
1.125
0.25
0.375
0.625
1.0
1.375
1.75
2.125
2.5
2.875
3.25
3.625
4.0
4.375
4.875
5.375
5.875
2.25
2.5
2.75
3.125
3.5
4.125
4.875
5.625
6.375
7.125
7.875
8.75
9.625
10.625
11.625
7.75
7.375
8.0
8.625
9.375
10.125
10.875
11.625
12.375
7.125
3.75
4.0
4.25
4.625
5.0
5.5
6.0
6.5
7.0
7.5
8.0
8.5
4.625
2.5
2.75
3.0
3.375
3.75
4.125
4.5
4.875
5.25
5.625
6.0
6.375
6.75
7.125
7.5
7.875
8.25
8.625
9.0
6.0
6.375
7.0
7.625
8.25
8.875
9.5
10.125
10.75
11.375
12.0
12.625
13.25
13.875
7.25
7.625
8.0
8.375
8.75
9.125
9.5
9.875
10.25
5.625
5.875
6.125
6.5
6.875
7.25
7.625
8.0
8.5
9.0
9.5
10.125
6.375
2.5
2.875
3.25
3.625
4.0
4.375
4.75
5.125
5.5
5.875
6.375
6.875
7.375
7.875
8.375
8.875
9.375
9.875
10.625
7.75
8.125
8.75
9.375
10.0
10.625
11.25
11.875
12.5
13.25
14.0
14.75
15.75
16.75
12.875
9.125
6.625
6.5
7.0
7.5
8.0
8.5
9.0
9.5
10.125
10.875
8.125
6.5
7.125
7.75
8.375
9.0
9.625
10.375
11.125
11.875
12.75
13.625
9.625
6.875
7.625
8.5
9.375
10.25
11.125
12.0
12.875
13.75
14.75
15.875
17.0
18.125
15.5
16.375
17.25
18.125
19.0
20.125
21.25
22.375
23.5
24.625
25.875
27.125
28.375
29.625
30.875
32.125
33.375
24.25
16.625
11.0
7.375
3.625
3.875
4.125
4.375
4.75
5.25
5.875
6.5
7.125
7.75
8.375
9.0
9.625
6.5
7.0
7.5
8.0
8.5
9.0
9.5
10.0
10.5
11.125
11.75
5.5
5.875
6.375
7.0
7.75
8.5
9.375
10.25
11.125
12.0
13.25
14.5
15.875
17.375
10.25
7.5
7.25
7.875
8.625
9.5
10.5
11.5
12.5
13.5
14.5
15.5
16.5
17.5
18.5
19.5
20.5
21.5
22.5
23.5
17.5
12.5
13.0
13.5
14.0
14.5
15.0
15.625
16.25
8.75
4.875
1.0
1.25
1.625
2.0
2.375
2.75
3.125
3.5
3.875
4.25
2.875
3.25
3.625
4.0
4.375
4.75
5.125
5.5
5.875
6.25
6.75
7.25
7.75
8.25
8.75
9.25
9.875
10.5
11.125
11.75
12.375
13.0
13.625
14.25
14.875
15.5
16.25
17.0
17.875
18.75
9.375
10.0
10.75
11.5
12.25
13.125
14.0
14.875
15.75
16.625
17.5
18.375
14.0
10.625
11.375
12.125
12.875
13.75
14.625
15.5
16.375
17.25
18.125
19.0
20.0
21.125
22.25
14.125
8.625
7.875
8.25
8.625
9.0
9.375
9.75
10.125
10.5
10.875
11.25
11.625
12.0
12.5
13.125
13.75
4.375
0.625
0.875
1.125
1.375
1.625
1.875
2.125
2.5
2.875
3.25
3.625
4.25
4.875
5.625
6.5
7.375
8.25
9.125
9.375
10.125
10.875
11.625
12.375
13.125
14.0
15.0
16.0
11.0
11.5
12.5
13.5
14.625
15.75
16.875
18.0
19.125
20.25
21.375
22.5
14.625
10.125
5.75
6.25
6.75
7.375
8.0
8.625
9.25
9.875
10.625
11.5
12.5
13.5
14.5
15.625
16.875
18.125
14.75
13.5
14.5
15.5
16.75
18.0
19.25
20.5
21.875
23.25
24.625
26.0
27.375
28.75
30.125
31.5
33.0
24.125
15.875
13.625
14.5
15.375
16.25
17.125
18.0
18.875
19.75
20.625
21.5
22.375
15.25
11.0
11.5
12.0
12.5
13.0
13.5
14.0
14.625
15.25
15.875
16.5
17.25
7.625
2.125
2.5
2.875
3.25
3.625
4.0
4.375
4.75
5.125
5.5
6.0
6.5
3.75
4.125
4.5
4.875
5.25
5.625
6.0
6.375
6.875
7.375
7.875
8.375
5.875
6.25
6.625
7.0
7.375
7.75
8.25
8.75
9.25
5.25
2.5
2.0
2.125
2.375
2.75
3.25
3.75
4.25
4.875
5.5
6.125
6.875
7.75
8.625
5.0
4.25
4.875
5.5
6.125
6.75
7.375
8.125
9.0
9.875
10.75
11.625
12.625
13.625
14.625
15.625
16.625
17.625
18.75
13.375
8.25
7.375
7.625
8.25
9.0
9.75
10.5
11.25
12.0
12.875
14.0
15.125
16.25
17.5
18.75
20.0
21.25
22.5
24.0
25.5
27.0
28.625
30.25
23.375
20.0
20.25
20.875
22.125
23.375
24.625
25.875
27.25
20.25
17.125
15.0
13.75
14.625
15.5
16.375
17.25
18.25
10.875
8.25
7.0
8.0
9.0
10.0
11.0
12.125
13.25
14.375
15.5
16.625
17.875
19.25
20.625
22.0
23.5
25.0
20.75
18.875
19.25
20.125
21.0
21.875
22.75
23.625
24.5
25.375
26.25
27.125
28.125
29.125
30.125
31.125
32.125
22.875
17.875
18.5
19.125
19.75
20.375
21.125
21.875
22.75
12.25
7.25
3.625
4.125
4.625
5.125
5.75
6.375
7.0
7.875
8.75
9.625
10.5
11.375
12.25
7.5
6.75
7.25
7.875
8.5
9.125
9.75
10.375
11.0
11.625
12.25
12.875
13.5
6.375
1.5
1.625
1.75
1.875
2.0
2.125
2.25
2.375
2.5
2.625
2.75
2.875
3.0
3.125
3.25
3.375
3.5
3.625
3.75
3.875
4.125
4.375
4.75
1.125
1.75
2.5
3.25
4.0
4.75
5.625
6.625
7.625
5.75
3.875
2.875
3.25
3.625
4.0
4.5
5.0
5.625
6.375
3.0
1.625
2.0
2.375
2.75
3.125
3.5
3.875
4.25
4.75
5.25
5.75
6.375
7.125
7.875
8.625
6.125
6.75
7.375
8.0
8.625
9.25
9.875
10.625
11.375
12.125
12.875
13.625
14.375
15.25
12.0
11.625
11.75
12.375
13.0
13.625
14.5
15.5
16.5
9.0
5.75
3.375
4.0
4.625
5.25
6.0
6.75
7.5
8.25
9.0
9.75
10.5
11.25
12.125
7.875
6.0
4.5
4.875
5.25
5.625
6.0
6.375
6.875
7.375
8.0
8.625
9.375
10.125
10.875
11.625
12.375
13.375
13.25
13.75
14.625
15.5
16.375
17.25
18.375
19.625
20.875
22.125
23.375
24.75
26.125
27.5
28.875
30.25
31.625
20.75
15.5
11.75
12.375
13.125
13.875
14.625
15.375
16.25
17.125
18.0
19.125
12.25
13.125
14.0
14.875
15.75
16.625
17.5
18.375
19.25
20.375
21.5
22.75
24.0
14.875
8.875
7.75
7.625
7.5
8.25
9.0
9.75
10.625
11.5
12.375
13.25
14.125
15.0
16.0
12.5
12.375
13.25
14.125
15.0
15.875
16.75
17.625
18.5
19.375
20.25
21.125
22.0
13.375
10.5
7.875
8.5
9.125
9.75
10.375
11.0
11.625
12.25
12.875
13.625
14.375
6.625
5.625
6.0
6.5
7.0
7.5
8.0
8.5
9.0
9.5
10.0
10.5
11.125
11.75
5.125
1.75
1.875
1.875
2.125
2.625
3.125
3.625
4.125
4.625
5.125
5.75
6.375
7.125
7.875
8.625
5.875
4.875
5.375
5.875
6.375
6.875
7.375
7.875
8.375
9.0
9.625
10.25
10.875
6.25
6.625
7.0
7.5
8.0
8.5
9.0
9.5
10.0
6.25
3.125
2.5
2.625
2.875
3.125
3.5
3.875
4.25
4.625
5.125
5.625
6.125
6.625
7.125
4.0
2.25
2.5
2.75
3.0
3.375
3.75
4.25
4.75
5.25
5.75
6.25
6.75
7.375
8.0
8.625
9.25
10.0
11.0
9.75
8.75
9.625
10.625
11.625
12.625
13.625
14.625
15.625
16.625
17.625
18.625
19.75
20.875
22.0
17.625
13.625
11.625
10.5
10.375
11.25
12.125
13.125
14.125
15.125
9.5
7.375
8.5
9.625
10.75
11.875
13.125
14.375
15.75
17.25
18.75
20.25
21.875
16.125
13.0
11.5
10.75
11.75
12.75
13.75
14.75
15.875
17.125
18.375
19.75
21.125
22.5
23.875
25.25
26.625
25.25
24.625
24.5
25.75
27.0
28.25
29.5
30.75
32.0
33.5
35.0
36.5
38.125
39.75
41.375
43.125
44.875
35.75
28.125
23.625
19.5
15.375
16.625
17.875
19.125
20.375
21.625
23.0
24.375
25.75
27.125
28.5
30.0
31.5
27.125
24.0
21.625
21.25
22.125
23.0
23.875
24.75
25.75
26.875
28.0
29.125
30.25
22.125
18.0
14.0
10.75
11.375
12.0
12.625
13.25
14.0
14.75
15.625
16.625
10.875
5.875
6.625
7.375
8.25
9.125
10.0
10.875
11.75
12.625
13.5
14.375
15.25
16.125
17.0
18.0
12.875
9.875
10.0
10.25
10.75
11.25
11.75
12.375
13.0
4.875
5.375
5.875
6.375
6.875
7.375
7.875
8.375
8.875
9.375
9.875
10.375
5.625
6.125
6.625
7.125
7.625
8.125
8.625
9.125
9.625
10.125
10.625
11.125
11.625
12.125
12.625
13.25
13.875
14.5
15.125
15.75
16.375
17.125
17.875
18.625
19.375
20.125
20.875
21.625
22.5
23.375
24.25
25.125
19.75
14.5
9.375
7.25
5.625
5.875
6.125
6.375
6.625
6.875
7.125
7.5
8.125
8.75
1.25
1.625
2.0
2.5
3.0
3.5
4.0
4.5
5.0
5.5
6.0
6.5
7.0
7.5
5.875
6.25
6.625
7.0
7.375
7.75
8.125
8.5
8.875
9.25
9.625
10.0
10.375
10.75
11.125
11.5
11.875
8.0
4.5
4.625
4.75
4.875
5.0
5.125
5.25
5.375
5.5
5.625
5.75
5.875
6.0
6.125
6.375
6.625
6.875
7.125
7.375
0.75
1.0
1.375
1.75
2.125
2.5
3.0
3.5
4.125
2.875
3.375
3.875
4.375
5.0
5.625
6.25
6.875
7.625
8.375
9.125
10.0
10.875
11.75
12.625
13.5
14.5
15.5
16.5
17.625
18.75
19.875
21.0
22.125
23.25
24.375
25.5
17.75
13.5
14.25
15.0
15.75
16.625
17.5
18.375
19.25
20.125
21.0
21.875
22.875
23.875
25.0
26.125
27.25
28.375
18.875
9.875
5.375
4.75
5.0
5.25
5.5
5.75
6.0
6.375
6.75
7.25
7.75
8.375
5.0
5.5
6.0
6.5
7.0
7.625
8.25
8.875
9.5
10.125
6.0
6.5
7.0
7.5
8.125
8.75
9.375
10.0
10.75
11.5
12.25
13.0
13.75
9.0
9.625
10.25
10.875
11.625
12.375
13.125
14.0
14.875
15.75
16.625
17.625
18.625
19.75
13.0
8.625
8.875
9.5
10.125
10.75
11.5
12.25
13.125
14.0
15.0
16.125
9.5
7.5
6.125
5.875
6.5
7.125
7.75
8.375
9.0
9.625
10.25
10.875
11.625
12.375
6.25
4.625
3.125
3.5
3.875
4.25
4.625
5.0
5.375
5.75
6.125
6.5
6.875
7.375
8.0
8.625
9.25
9.875
10.5
11.125
11.75
12.5
13.25
14.0
14.75
10.375
11.0
11.625
12.5
13.375
14.25
15.125
16.0
16.875
8.875
3.875
3.125
3.5
3.875
4.25
4.625
5.0
5.375
5.75
6.125
6.5
6.875
7.25
7.625
8.125
8.625
9.125
2.5
2.75
3.0
3.25
3.5
3.875
4.25
4.625
5.0
5.375
5.875
6.5
7.125
7.75
4.0
3.0
3.25
3.5
3.75
4.0
4.25
4.5
4.75
5.0
5.25
5.5
5.75
6.0
6.375
6.75
3.0
3.125
3.375
3.625
3.875
4.125
4.375
4.75
5.125
2.25
2.875
3.5
4.125
4.75
5.375
6.0
6.625
7.25
7.875
4.125
3.0
3.25
3.5
3.75
4.0
4.25
4.5
4.75
5.0
5.25
5.5
5.75
6.0
6.25
6.5
