0.0
0.0
0.0
0.0
0.0
0.0
0.0
0.0
0.0
0.0
0.0
0.0
0.0
0.0
0.0
0.0
0.0
0.0
0.0
0.0
0.0
0.0
0.0
0.0
0.0
0.0
0.125
0.25
0.375
0.5
0.625
0.875
1.125
1.5
2.0
2.5
3.0
3.5
4.0
4.5
5.125
5.75
6.375
7.125
7.875
8.625
9.375
10.125
11.0
11.875
8.0
6.375
6.875
7.375
7.875
8.375
8.875
9.375
9.875
10.5
11.125
11.75
12.5
13.25
14.0
14.75
15.5
16.25
17.0
17.75
18.625
19.5
20.375
21.375
22.5
17.125
13.375
12.125
12.75
13.5
14.25
15.0
15.75
16.5
17.25
18.0
18.75
19.5
20.25
21.0
21.875
22.75
23.625
24.5
25.375
26.25
27.125
28.0
28.875
29.875
22.125
18.875
19.625
20.375
21.125
21.875
22.625
23.375
24.125
24.875
25.625
26.375
27.125
27.875
28.75
29.625
30.5
31.375
32.25
33.125
34.0
34.875
35.75
36.625
37.5
18.25
11.125
11.5
11.875
12.25
12.625
13.0
13.375
13.75
14.125
14.625
15.125
15.75
16.375
17.0
17.625
18.25
18.875
19.5
20.125
20.75
21.375
22.0
22.625
23.375
22.375
22.625
23.125
23.75
24.375
25.125
25.875
26.625
27.5
28.375
29.25
30.125
31.0
31.875
32.75
33.75
34.75
35.875
37.0
38.125
39.25
40.375
41.5
42.625
43.75
40.875
40.5
41.375
42.375
43.5
44.75
46.125
47.5
48.875
50.25
51.625
53.0
54.5
56.0
57.5
59.125
60.75
62.375
64.0
65.625
67.375
69.125
70.875
72.625
74.375
52.5
45.625
43.875
42.25
43.375
44.5
45.625
46.875
48.375
49.875
51.375
52.875
54.375
55.875
57.375
58.875
60.375
61.875
63.5
65.125
66.75
68.375
70.0
71.625
73.25
45.25
31.25
23.25
20.125
20.875
21.625
22.375
23.125
24.0
24.875
25.75
26.625
27.5
28.375
29.25
30.125
31.0
32.0
33.0
34.0
35.0
36.0
37.0
38.0
39.0
23.5
18.75
19.375
20.0
20.625
21.25
21.875
22.5
23.125
23.75
24.375
25.0
25.625
26.25
26.875
27.5
28.125
28.75
29.375
30.0
30.625
31.25
31.875
32.5
33.125
16.0
10.875
11.125
11.375
11.625
11.875
12.125
12.375
12.625
12.875
13.125
13.375
13.625
14.0
14.5
15.0
15.5
16.0
16.5
17.0
17.5
18.0
18.5
19.0
19.5
9.0
2.0
2.0
2.25
2.5
2.75
3.0
3.25
3.5
3.75
4.125
4.5
4.875
5.25
5.625
6.125
6.625
7.25
7.875
8.5
9.125
9.875
10.625
11.375
12.125
5.25
5.125
5.625
6.125
6.75
7.375
8.0
8.625
9.25
9.875
10.5
11.125
11.75
12.375
13.0
13.625
14.25
14.875
15.5
16.125
16.75
17.375
18.0
18.625
19.25
15.375
11.5
8.375
8.625
8.875
9.125
9.375
9.625
9.875
10.125
10.375
10.625
10.875
11.25
11.625
12.0
12.375
12.75
13.25
13.75
14.375
15.0
15.625
16.25
16.875
8.5
8.875
9.25
9.625
10.0
10.375
10.75
11.125
11.5
11.875
12.375
12.875
13.375
13.875
14.375
14.875
15.5
16.125
16.875
17.625
18.375
19.125
19.875
20.625
21.375
11.125
9.125
9.375
9.625
9.875
10.125
10.5
10.875
11.25
11.625
12.0
12.375
12.75
13.125
13.625
14.375
15.125
15.875
16.75
17.625
18.5
19.375
20.375
21.5
22.625
20.5
20.875
21.75
22.625
23.625
24.625
25.875
27.125
28.375
29.625
30.875
32.25
33.625
35.0
36.375
37.875
39.375
40.875
42.375
44.0
45.625
47.25
48.875
50.5
52.125
32.375
29.0
26.75
26.125
25.75
26.625
27.625
28.625
29.75
30.875
32.0
33.125
34.375
35.625
36.875
38.25
39.625
41.0
42.375
43.75
45.25
46.75
48.25
49.75
51.25
40.25
30.75
29.375
28.5
27.75
28.75
29.75
30.75
31.875
33.125
34.375
35.625
36.875
38.125
39.375
40.875
42.375
43.875
45.375
47.0
48.625
50.375
52.125
53.875
55.625
36.0
25.625
22.875
20.75
21.875
23.0
24.125
25.25
26.375
27.5
28.625
29.75
30.875
32.0
33.125
34.25
35.375
36.5
37.625
38.875
40.125
41.375
42.625
44.0
45.375
36.5
28.875
25.125
21.875
22.75
23.625
24.5
25.375
26.25
27.125
28.0
29.125
30.25
31.5
32.875
34.25
35.625
37.0
38.375
39.75
41.125
42.5
44.0
45.5
47.0
28.5
20.0
16.75
17.625
18.5
19.375
20.25
21.125
22.0
22.875
23.75
24.625
25.5
26.5
27.5
28.5
29.625
30.75
31.875
33.0
34.125
35.25
36.375
37.5
38.625
27.25
16.75
13.5
12.0
10.625
10.875
11.125
11.375
11.625
12.0
12.375
12.75
13.125
13.5
13.875
14.375
14.875
15.375
15.875
16.375
17.0
17.625
18.25
18.875
19.5
4.25
3.125
2.375
2.625
2.875
3.125
3.5
3.875
4.25
4.625
5.0
5.375
5.75
6.125
6.5
6.875
7.375
7.875
8.375
8.875
9.5
10.125
10.875
11.75
12.625
7.75
5.125
4.25
4.25
4.625
5.0
5.375
5.75
6.125
6.5
6.875
7.25
7.75
8.25
8.75
9.25
9.75
10.25
10.75
11.25
11.875
12.5
13.125
13.75
14.375
8.25
6.875
6.875
7.125
7.375
7.625
7.875
8.125
8.375
8.625
8.875
9.25
9.625
10.0
10.375
10.75
11.25
11.75
12.375
13.0
13.625
14.25
14.875
15.5
16.125
8.0
4.5
3.625
4.0
4.375
4.75
5.125
5.5
5.875
6.375
7.0
7.625
8.25
9.0
9.75
10.5
11.25
12.0
12.75
13.625
14.625
15.625
16.625
17.625
18.625
10.25
7.875
8.5
9.25
10.125
11.0
11.875
12.75
13.625
14.5
15.375
16.25
17.125
18.125
19.125
20.125
21.25
22.5
23.875
25.25
26.625
28.0
29.375
30.75
32.125
27.5
23.5
21.625
20.75
21.75
22.75
23.75
24.75
25.875
27.0
28.125
29.375
30.625
32.0
33.375
34.75
36.125
37.5
38.875
40.25
41.625
43.0
44.375
45.75
47.25
38.75
35.5
32.125
29.875
28.625
27.375
28.375
29.375
30.375
31.375
32.375
33.375
34.5
35.625
36.75
37.875
39.0
40.125
41.25
42.375
43.625
44.875
46.125
47.5
48.875
29.0
17.875
12.125
10.0
10.75
11.5
12.25
13.0
13.75
14.5
15.25
16.0
16.75
17.5
18.25
19.0
19.75
20.5
21.25
22.0
22.75
23.5
24.25
25.125
26.125
17.25
13.125
10.875
10.875
11.5
12.125
12.75
13.375
14.0
14.625
15.25
15.875
16.5
17.125
17.75
18.375
19.0
19.625
20.25
20.875
21.5
22.125
22.75
23.375
24.0
15.5
12.625
13.0
13.375
13.875
14.375
14.875
15.375
15.875
16.375
16.875
17.375
17.875
18.375
18.875
19.375
19.875
20.5
21.25
22.0
22.75
23.625
24.5
25.375
26.25
12.0
9.75
10.25
10.75
11.25
11.75
12.25
12.75
13.25
13.875
14.5
15.25
16.0
16.75
17.625
18.5
19.5
20.5
21.5
22.5
23.5
24.5
25.625
26.875
28.25
19.75
16.375
13.375
11.75
12.5
13.25
14.0
14.75
15.5
16.375
17.375
18.5
19.625
20.75
21.875
23.0
24.125
25.375
26.625
27.875
29.125
30.375
31.625
33.0
34.375
23.5
16.625
13.125
13.75
14.625
15.5
16.375
17.25
18.125
19.0
19.875
20.75
21.625
22.5
23.375
24.25
25.125
26.0
26.875
27.75
28.75
29.75
30.75
31.75
32.875
26.375
23.25
20.625
18.375
18.0
18.75
19.5
20.25
21.125
22.0
22.875
23.875
24.875
25.875
27.0
28.125
29.25
30.5
31.75
33.0
34.25
35.5
36.75
38.0
39.375
31.625
27.625
28.25
28.875
29.75
30.625
31.5
32.375
33.375
34.375
35.375
36.375
37.375
38.375
39.375
40.375
41.375
42.375
43.5
44.625
45.75
47.0
48.375
49.75
51.125
42.5
40.625
40.25
41.0
41.75
42.5
43.25
44.0
44.75
45.5
46.375
47.25
48.125
49.0
49.875
50.75
51.625
52.5
53.375
54.375
55.375
56.375
57.375
58.5
59.625
30.125
14.0
5.75
6.125
6.5
6.875
7.25
7.625
8.0
8.375
8.75
9.125
9.5
9.875
10.375
11.0
11.75
12.5
13.25
14.0
14.75
15.5
16.25
17.0
17.75
15.75
15.0
15.5
16.125
16.75
17.375
18.125
18.875
19.625
20.375
21.125
21.875
22.625
23.5
24.375
25.25
26.125
27.0
27.875
28.75
29.625
30.625
31.625
32.75
33.875
17.875
14.625
15.25
15.875
16.5
17.125
17.875
18.625
19.375
20.25
21.125
22.0
22.875
23.75
24.625
25.625
26.625
27.625
28.625
29.625
30.625
31.625
32.625
33.75
35.0
32.75
31.25
29.875
30.0
30.75
31.5
32.25
33.0
33.875
34.75
35.625
36.5
37.5
38.5
39.5
40.5
41.5
42.5
43.5
44.5
45.5
46.625
47.75
49.0
50.25
30.75
20.625
17.75
17.375
17.875
18.375
18.875
19.375
19.875
20.375
20.875
21.375
21.875
22.375
22.875
23.375
24.0
24.75
25.5
26.25
27.0
27.75
28.5
29.25
30.0
21.875
21.25
21.625
22.25
22.875
23.5
24.25
25.0
25.75
26.5
27.25
28.0
28.75
29.5
30.25
31.0
31.75
32.5
33.25
34.125
35.0
35.875
36.75
37.625
38.5
13.625
9.875
7.375
7.875
8.375
8.875
9.375
9.875
10.5
11.125
11.75
12.375
13.0
13.625
14.375
15.125
15.875
16.625
17.375
18.125
18.875
19.625
20.375
21.125
21.875
13.375
5.75
1.75
1.875
2.0
2.125
2.25
2.375
2.5
2.625
2.75
2.875
3.0
3.125
3.25
3.375
3.625
3.875
4.375
5.0
5.625
6.25
6.875
7.5
8.25
4.125
3.5
3.875
4.5
5.125
5.75
6.375
7.0
7.75
8.5
9.25
10.0
10.75
11.5
12.25
13.125
14.125
15.125
16.25
17.375
18.5
19.625
20.75
21.875
23.0
18.375
16.5
17.25
18.0
18.75
19.5
20.25
21.0
21.875
22.75
23.625
24.5
25.375
26.5
27.625
28.75
29.875
31.0
32.125
33.25
34.375
35.5
36.625
37.75
38.875
29.625
21.0
16.125
14.75
15.25
15.875
16.5
17.25
18.0
18.75
19.5
20.25
21.0
21.75
22.625
23.5
24.375
25.25
26.125
27.0
28.0
29.125
30.25
31.375
32.5
26.375
24.875
25.75
26.625
27.5
28.375
29.25
30.125
31.125
32.125
33.125
34.125
35.125
36.125
37.125
38.25
39.375
40.625
41.875
43.125
44.375
45.625
46.875
48.125
49.375
40.5
37.625
36.875
36.125
36.875
37.625
38.375
39.25
40.125
41.0
41.875
42.75
43.625
44.5
45.5
46.625
47.75
48.875
50.0
51.125
52.25
53.375
54.5
55.625
56.75
50.0
43.875
44.5
45.125
45.75
46.375
47.0
47.625
48.25
48.875
49.5
50.125
50.75
51.375
52.0
52.625
53.25
53.875
54.5
55.125
56.0
56.875
57.75
58.625
59.625
40.75
25.0
14.875
10.0
10.125
10.875
11.75
12.875
14.0
15.125
16.25
17.375
18.5
19.625
20.75
21.875
23.0
24.125
25.25
26.5
27.75
29.0
30.25
31.5
32.75
25.0
22.375
20.875
19.25
18.875
19.125
19.875
20.625
21.375
22.125
22.875
23.75
24.75
25.75
26.75
27.75
28.875
30.0
31.25
32.5
33.75
35.0
36.25
37.5
38.875
32.0
25.5
20.125
20.25
20.875
21.625
22.375
23.125
23.875
24.625
25.375
26.125
27.0
27.875
28.75
29.625
30.5
31.375
32.25
33.125
34.125
35.125
36.125
37.25
38.375
29.5
21.875
16.5
13.0
10.875
11.375
12.25
13.125
14.0
14.875
15.75
16.625
17.5
18.5
19.5
20.5
21.5
22.5
23.75
25.0
26.25
27.5
28.75
30.0
31.375
20.875
15.875
15.5
15.625
16.25
16.875
17.5
18.125
18.75
19.625
20.75
21.875
23.0
24.125
25.25
26.375
27.5
28.625
29.75
30.875
32.0
33.125
34.25
35.5
36.75
24.125
21.0
22.0
23.0
24.0
25.0
26.0
27.0
28.0
29.25
30.5
31.875
33.375
34.875
36.375
38.0
39.625
41.375
43.125
44.875
46.625
48.375
50.125
52.0
53.875
40.875
32.625
25.125
22.75
21.125
20.0
20.75
21.5
22.25
23.0
23.75
24.5
25.25
26.0
26.75
27.5
28.375
29.25
30.125
31.0
31.875
32.75
33.75
34.875
36.0
22.125
17.625
13.125
9.875
10.375
10.875
11.375
11.875
12.375
12.875
13.375
13.875
14.375
14.875
15.375
16.0
16.625
17.25
17.875
18.5
19.25
20.125
21.125
22.125
23.125
18.5
18.5
19.25
20.0
20.75
21.5
22.25
23.0
23.875
24.75
25.75
26.875
28.0
29.125
30.25
31.375
32.625
33.875
35.25
36.625
38.0
39.5
41.0
42.5
44.0
38.125
34.625
34.375
34.375
35.25
36.125
37.0
37.875
38.75
39.625
40.5
41.375
42.25
43.125
44.0
44.875
45.75
46.625
47.5
48.375
49.25
50.25
51.25
52.375
53.5
29.25
14.875
9.875
10.375
11.0
11.625
12.25
12.875
13.5
14.125
14.75
15.375
16.0
16.625
17.25
17.875
18.625
19.375
20.25
21.125
22.0
22.875
23.75
24.625
25.5
12.5
9.375
6.375
3.875
4.375
4.875
5.5
6.125
6.875
7.625
8.375
9.125
9.875
10.625
11.375
12.125
12.875
13.625
14.375
15.25
16.125
17.0
18.0
19.0
20.0
13.625
11.75
11.625
12.125
12.625
13.125
13.625
14.125
14.625
15.125
15.75
16.375
17.0
17.625
18.375
19.125
19.875
20.625
21.375
22.125
22.875
23.625
24.375
25.125
26.0
14.125
8.25
8.875
9.5
10.25
11.125
12.0
12.875
13.75
14.625
15.625
16.625
17.625
18.625
19.75
20.875
22.0
23.125
24.375
25.625
26.875
28.125
29.375
30.625
31.875
25.5
20.25
19.875
20.625
21.375
22.125
23.0
23.875
24.75
25.625
26.5
27.5
28.5
29.5
30.5
31.625
32.75
33.875
35.0
36.125
37.375
38.625
40.0
41.375
42.75
32.5
27.375
22.625
22.75
23.875
25.0
26.125
27.25
28.375
29.625
31.0
32.375
33.75
35.125
36.5
37.875
39.25
40.625
42.0
43.375
44.75
46.125
47.5
48.875
50.375
36.0
23.125
24.125
25.25
26.375
27.5
28.625
29.75
30.875
32.125
33.5
34.875
36.375
37.875
39.375
40.875
42.375
43.875
45.375
46.875
48.375
49.875
51.375
52.875
54.375
44.5
38.625
37.25
38.125
39.25
40.375
41.5
42.625
43.875
45.125
46.625
48.125
49.625
51.125
52.75
54.375
56.0
57.625
59.25
61.0
62.75
64.625
66.625
68.625
70.625
51.5
41.625
31.875
29.25
27.75
28.625
29.5
30.375
31.25
32.125
33.0
33.875
34.75
35.625
36.5
37.375
38.25
39.125
40.0
40.875
41.875
42.875
43.875
44.875
46.125
37.0
28.75
21.125
15.625
12.125
12.75
13.375
14.0
14.625
15.375
16.125
16.875
17.75
18.625
19.5
20.375
21.25
22.125
23.0
23.875
24.75
25.625
26.5
27.375
28.375
13.5
10.75
8.5
6.625
7.125
7.625
8.125
8.625
9.125
9.75
10.375
11.125
11.875
12.75
13.625
14.5
15.375
16.25
17.25
18.25
19.25
20.25
21.25
22.25
23.25
14.875
10.625
11.25
12.0
12.875
13.75
14.625
15.625
16.625
17.625
18.625
19.625
20.625
21.625
22.625
23.625
24.75
26.0
27.375
28.75
30.25
31.75
33.25
34.75
36.375
26.25
20.375
20.25
20.125
21.0
21.875
22.75
23.625
24.5
25.375
26.375
27.5
28.625
29.75
30.875
32.0
33.25
34.5
35.75
37.0
38.25
39.5
40.875
42.375
44.0
33.25
26.375
21.5
16.75
15.25
15.25
15.25
16.25
17.25
18.25
19.375
20.5
21.75
23.0
24.25
25.5
26.75
28.0
29.25
30.5
31.75
33.0
34.25
35.5
36.875
26.5
25.125
24.0
22.875
23.75
24.75
25.75
26.75
27.75
28.75
29.75
30.75
31.75
32.75
33.75
34.75
35.75
36.75
37.75
38.75
39.75
40.75
41.75
42.75
43.75
27.0
19.125
19.625
20.125
20.625
21.125
21.75
22.5
23.25
24.0
24.75
25.5
26.25
27.125
28.0
28.875
29.75
30.625
31.5
32.375
33.375
34.375
35.5
36.625
37.75
20.375
12.5
11.25
11.75
12.25
12.75
13.25
13.75
14.25
14.875
15.5
16.125
16.75
17.5
18.25
19.0
19.75
20.625
21.5
22.375
23.25
24.125
25.0
25.875
26.75
14.375
9.375
7.625
6.625
6.5
6.75
7.0
7.25
7.5
7.875
8.25
8.625
9.0
9.375
9.75
10.125
10.5
10.875
11.25
11.625
12.0
12.375
12.75
13.125
13.5
6.875
4.875
5.0
5.25
5.5
5.75
6.0
6.25
6.5
6.75
7.0
7.375
7.75
8.125
8.625
9.125
9.75
10.375
11.0
11.625
12.375
13.125
13.875
14.625
15.375
13.625
12.625
13.125
13.625
14.25
14.875
15.5
16.125
16.75
17.375
18.0
18.625
19.25
19.875
20.5
21.125
21.75
22.375
23.0
23.625
24.25
24.875
25.5
26.125
26.75
17.0
17.375
17.75
18.125
18.5
18.875
19.25
19.625
20.0
20.375
20.75
21.125
21.5
21.875
22.25
22.625
23.0
23.375
23.75
24.125
24.5
24.875
25.25
25.875
26.5
20.75
20.75
21.125
21.5
22.0
22.5
23.0
23.5
24.0
24.5
25.0
25.5
26.0
26.5
27.125
27.75
28.375
29.0
29.625
30.25
30.875
31.5
32.125
32.75
33.375
7.75
3.625
3.875
4.125
4.375
4.625
4.875
5.25
5.625
6.0
6.375
6.75
7.125
7.5
7.875
8.25
8.625
9.0
9.5
10.125
10.75
11.375
12.0
12.75
13.625
9.125
8.75
8.25
8.75
9.25
9.875
10.5
11.125
11.75
12.375
13.0
13.625
14.25
14.875
15.625
16.375
17.125
17.875
18.625
19.375
20.125
20.875
21.625
22.5
23.5
18.5
17.125
17.625
18.125
18.625
19.125
19.625
20.125
20.625
21.125
21.75
22.375
23.0
23.625
24.25
24.875
25.5
26.125
26.75
27.375
28.0
28.625
29.25
30.0
30.75
12.0
6.25
6.75
7.375
8.0
8.625
9.25
9.875
10.5
11.25
12.0
12.75
13.5
14.25
15.0
15.75
16.5
17.25
18.0
18.75
19.5
20.25
21.0
21.75
22.5
18.25
15.375
13.625
13.625
14.0
14.375
14.75
15.25
15.875
16.625
17.375
18.125
18.875
19.625
20.375
21.125
21.875
22.625
23.375
24.125
24.875
25.625
26.375
27.125
28.0
19.375
14.125
12.375
10.5
11.125
11.75
12.375
13.0
13.625
14.25
15.0
15.75
16.5
17.25
18.0
18.75
19.5
20.25
21.25
22.25
23.25
24.25
25.25
26.25
27.25
21.625
19.5
20.25
21.125
22.0
22.875
23.75
24.625
25.5
26.375
27.25
28.125
29.0
29.875
30.75
31.625
32.5
33.375
34.25
35.125
36.0
36.875
37.75
38.75
39.75
23.125
16.5
16.375
16.75
17.125
17.5
17.875
18.25
18.625
19.0
19.375
19.75
20.125
20.5
20.875
21.25
21.625
22.0
22.375
22.75
23.125
23.5
23.875
24.375
24.875
13.75
6.875
7.25
7.625
8.0
8.375
8.75
9.125
9.5
9.875
10.25
10.875
11.5
12.125
12.75
13.5
14.25
15.0
15.75
16.5
17.25
18.125
19.0
20.0
21.0
12.875
11.875
11.25
12.125
13.0
13.875
14.75
15.625
16.5
17.375
18.375
19.375
20.375
21.375
22.375
23.375
24.375
25.375
26.375
27.375
28.375
29.375
30.375
31.375
32.375
26.75
25.375
26.0
26.75
27.5
28.25
29.0
29.875
30.75
31.75
32.75
33.75
34.75
35.75
36.75
37.75
38.75
39.875
41.0
42.25
43.5
44.75
46.125
47.5
49.0
39.5
34.5
34.375
35.5
36.625
37.75
38.875
40.0
41.125
42.25
43.375
44.5
45.625
46.875
48.125
49.5
51.0
52.5
54.0
55.5
57.0
58.5
60.0
61.5
63.0
46.125
32.875
22.0
22.75
23.5
24.25
25.0
25.75
26.5
27.25
28.125
29.125
30.125
31.125
32.125
33.125
34.125
35.25
36.375
37.5
38.625
39.75
40.875
42.0
43.125
28.75
21.0
19.375
20.0
20.625
21.25
21.875
22.5
23.125
23.75
24.375
25.125
25.875
26.625
27.375
28.125
28.875
29.625
30.375
31.125
31.875
32.625
33.375
34.125
34.875
22.875
14.0
6.625
4.625
4.75
4.875
5.0
5.125
5.25
5.375
5.5
5.625
5.75
5.875
6.0
6.125
6.375
6.625
7.0
7.375
7.75
8.25
8.75
9.375
10.0
3.25
2.625
3.0
3.5
4.0
4.625
5.25
5.875
6.5
7.25
8.0
8.75
9.625
10.5
11.375
12.25
13.125
14.0
14.875
15.875
16.875
17.875
18.875
19.875
20.875
19.0
17.75
16.625
16.25
17.0
17.75
18.5
19.25
20.0
20.75
21.5
22.375
23.25
24.125
25.0
25.875
26.75
27.75
28.75
29.75
30.75
31.75
32.75
33.75
34.875
22.75
15.0
15.75
16.625
17.5
18.375
19.25
20.125
21.125
22.125
23.125
24.125
25.125
26.125
27.25
28.375
29.5
30.75
32.0
33.375
34.75
36.125
37.5
38.875
40.25
27.5
25.125
26.125
27.125
28.125
29.125
30.125
31.125
32.125
33.125
34.125
35.125
36.25
37.375
38.5
39.625
40.75
41.875
43.0
44.125
45.25
46.375
47.5
48.625
49.75
41.375
36.125
32.0
28.375
29.0
29.625
30.25
30.875
31.625
32.375
33.125
33.875
34.625
35.375
36.125
37.0
37.875
39.125
40.375
41.625
42.875
44.125
45.375
46.625
47.875
24.5
15.875
11.75
12.625
13.5
14.5
15.5
16.5
17.625
18.75
20.0
21.25
22.5
23.75
25.0
26.25
27.5
28.75
30.0
31.25
32.5
33.75
35.0
36.25
37.5
28.5
24.125
20.625
18.5
16.5
17.125
17.75
18.375
19.0
19.625
20.25
20.875
21.5
22.125
22.75
23.5
24.25
25.0
25.75
26.5
27.25
28.0
28.75
29.5
30.25
23.5
16.75
12.0
9.0
9.375
9.75
10.25
10.75
11.25
11.75
12.375
13.125
13.875
14.625
15.375
16.125
16.875
17.625
18.375
19.125
19.875
20.625
21.375
22.125
23.0
9.875
6.875
5.125
5.625
6.125
6.75
7.375
8.125
8.875
9.625
10.375
11.125
11.875
12.75
13.875
15.0
16.25
17.5
18.75
20.0
21.25
22.625
24.125
25.75
27.375
23.875
22.75
22.375
21.875
22.125
22.75
23.875
25.0
26.125
27.25
28.375
29.5
30.625
31.75
32.875
34.125
35.375
36.625
37.875
39.125
40.375
41.625
43.0
44.5
46.0
32.5
25.625
26.25
27.375
28.5
29.625
30.75
31.875
33.0
34.375
35.75
37.125
38.5
39.875
41.25
42.625
44.0
45.5
47.125
48.75
50.375
52.0
53.75
55.5
57.25
40.125
32.625
27.75
27.375
28.375
29.375
30.375
31.375
32.375
33.375
34.375
35.375
36.375
37.375
38.375
39.375
40.375
41.375
42.375
43.375
44.375
45.375
46.375
47.5
48.625
39.5
30.75
23.625
17.875
12.75
13.25
13.75
14.25
14.75
15.25
15.75
16.25
16.75
17.25
17.75
18.25
18.875
19.5
20.125
20.75
21.375
22.0
22.625
23.25
23.875
10.875
4.375
1.625
0.25
0.375
0.5
0.75
1.0
1.375
1.75
2.25
2.75
3.25
3.75
4.25
4.75
5.25
5.875
6.5
7.125
7.75
8.375
9.0
9.625
10.25
8.375
6.5
7.0
7.5
8.125
8.75
9.375
10.0
10.625
11.25
11.875
12.5
13.125
13.875
14.625
15.5
16.375
17.375
18.375
19.375
20.375
21.375
22.375
23.375
24.375
18.25
14.0
14.625
15.375
16.125
17.0
17.875
18.75
19.625
20.5
21.375
22.25
23.125
24.0
24.875
25.75
26.75
27.75
28.75
29.875
31.0
32.125
33.5
34.875
36.25
24.125
21.125
21.25
22.0
22.75
23.5
24.25
25.0
25.75
26.5
27.375
28.375
29.375
30.375
31.375
32.375
33.375
34.375
35.375
36.375
37.5
38.625
39.75
40.875
42.0
26.25
12.875
9.125
9.5
10.0
10.5
11.0
11.5
12.125
12.75
13.5
14.25
15.0
15.75
16.5
17.25
18.0
18.875
19.75
20.625
21.625
22.625
23.625
24.625
25.625
17.25
9.0
5.5
5.75
6.125
6.5
6.875
7.25
7.625
8.0
8.375
8.75
9.125
9.5
10.0
10.5
11.0
11.625
12.25
12.875
13.5
14.125
14.75
15.375
16.0
6.5
5.25
5.5
5.75
6.0
6.25
6.625
7.0
7.375
7.75
8.125
8.625
9.25
9.875
10.5
11.125
11.75
12.375
13.0
13.625
14.25
14.875
15.625
16.375
17.125
11.25
9.25
9.625
10.0
10.375
10.875
11.375
12.0
12.75
13.5
14.25
15.0
15.875
16.75
17.625
18.5
19.5
20.5
21.625
22.75
24.0
25.25
26.5
27.75
29.0
17.875
12.75
9.625
10.125
10.625
11.125
11.75
12.375
13.0
13.625
14.375
15.25
16.125
17.0
17.875
18.75
19.625
20.5
21.375
22.25
23.125
24.0
25.0
26.0
27.0
16.125
14.25
12.75
13.25
13.875
14.5
15.125
15.75
16.375
17.0
17.625
18.25
18.875
19.5
20.125
20.75
21.375
22.0
22.625
23.25
24.0
24.75
25.5
26.375
27.375
12.875
4.875
4.625
5.375
6.125
6.875
7.75
8.625
9.5
10.5
11.5
12.5
13.5
14.5
15.625
16.75
17.875
19.0
20.125
21.25
22.375
23.5
24.625
25.875
27.25
22.625
18.875
19.125
19.875
20.625
21.5
22.375
23.25
24.125
25.0
26.0
27.0
28.0
29.0
30.0
31.0
32.0
33.0
34.0
35.0
36.0
37.0
38.0
39.0
40.0
27.875
22.375
19.5
20.125
20.75
21.375
22.0
22.625
23.25
23.875
24.5
25.125
25.75
26.375
27.0
27.625
28.25
28.875
29.625
30.375
31.125
31.875
32.625
33.5
34.375
23.25
16.25
11.125
6.375
6.125
6.25
6.875
7.625
8.375
9.125
10.0
10.875
11.75
12.625
13.5
14.375
15.25
16.25
17.25
18.25
19.25
20.25
21.375
22.5
23.75
15.5
14.375
14.5
15.25
16.25
17.25
18.25
19.25
20.25
21.25
22.25
23.375
24.5
25.625
27.0
28.375
29.75
31.125
32.625
34.125
35.75
37.5
39.25
41.0
42.875
31.75
24.125
23.75
23.875
24.25
25.25
26.25
27.25
28.375
29.5
30.75
32.0
33.25
34.75
36.25
37.875
39.5
41.125
42.75
44.375
46.0
47.625
49.25
50.875
52.5
38.125
31.875
30.625
29.5
28.875
30.0
31.125
32.375
33.625
34.875
36.125
37.375
38.75
40.125
41.5
42.875
44.375
46.0
47.875
49.875
51.875
53.875
55.875
57.875
60.0
45.125
38.0
32.5
27.25
23.875
22.875
23.0
23.0
23.375
24.875
26.375
27.875
29.375
30.875
32.375
33.875
35.375
37.0
38.75
40.5
42.25
44.0
45.875
47.875
49.875
41.25
32.75
27.875
23.25
22.75
23.75
24.75
25.75
26.875
28.125
29.375
30.625
31.875
33.125
34.5
35.875
37.25
38.75
40.25
41.75
43.25
44.875
46.5
48.375
50.375
40.0
39.375
39.625
40.25
41.25
42.875
44.5
46.125
47.75
49.375
51.0
52.625
54.25
55.875
57.5
59.125
60.875
62.625
64.375
66.25
68.125
70.0
71.875
73.75
75.75
54.625
43.25
38.5
40.25
42.0
43.75
45.75
47.875
50.0
52.25
54.5
56.75
59.0
61.25
63.5
65.875
68.25
70.625
73.0
75.375
77.75
80.125
82.5
84.875
87.25
70.0
57.625
49.0
47.25
46.0
47.75
49.625
51.5
53.375
55.25
57.125
59.125
61.125
63.125
65.125
67.125
69.125
71.125
73.125
75.375
77.625
79.875
82.125
84.375
86.75
76.5
67.5
64.875
63.375
61.875
60.875
60.625
61.875
63.25
64.625
66.125
67.625
69.125
70.625
72.125
73.75
75.375
77.0
78.625
80.25
81.875
83.5
85.25
87.125
89.0
65.75
47.0
28.25
21.375
19.75
19.75
20.375
21.375
22.375
23.375
24.5
25.625
26.75
27.875
29.0
30.125
31.25
32.375
33.5
34.625
35.75
36.875
38.0
39.125
40.25
27.5
21.75
19.75
17.75
18.0
18.5
19.0
19.5
20.0
20.625
21.375
22.25
23.25
24.375
25.5
26.625
27.75
28.875
30.0
31.25
32.5
33.75
35.125
36.625
38.25
31.125
25.25
22.5
23.625
24.75
25.875
27.0
28.125
29.25
30.375
31.5
32.625
33.875
35.25
36.625
38.125
39.75
41.375
43.125
44.875
46.625
48.375
50.125
52.0
54.125
38.875
28.75
26.25
25.75
26.75
28.0
29.25
30.5
32.0
33.5
35.125
36.75
38.375
40.0
41.625
43.375
45.125
46.875
48.625
50.5
52.375
54.375
56.375
58.375
60.375
48.75
37.625
31.75
27.5
25.25
26.625
28.125
29.625
31.125
32.625
34.25
35.875
37.5
39.125
40.75
42.375
44.0
45.75
47.5
49.25
51.0
52.875
54.875
56.875
58.875
46.625
39.375
33.375
31.75
30.375
30.125
31.125
32.125
33.25
34.375
35.625
36.875
38.125
39.375
40.625
41.875
43.125
44.5
45.875
47.25
48.625
50.0
51.5
53.125
54.75
44.125
37.0
37.0
37.5
38.75
40.0
41.25
42.5
43.75
45.0
46.375
47.75
49.125
50.5
51.875
53.25
54.625
56.0
57.375
58.75
60.125
61.5
62.875
64.375
65.875
43.75
26.75
19.125
16.75
17.5
18.25
19.0
19.75
20.5
21.25
22.0
22.875
23.75
24.75
25.75
26.75
27.75
28.75
29.75
30.75
31.75
32.75
33.75
34.75
35.75
27.25
20.75
17.5
17.875
18.25
18.625
19.125
19.625
20.125
20.625
21.125
21.75
22.375
23.125
23.875
24.625
25.375
26.125
26.875
27.625
28.5
29.5
30.625
31.75
32.875
29.625
28.75
28.625
29.375
30.125
31.0
31.875
32.75
33.625
34.5
35.375
36.25
37.125
38.0
38.875
39.75
40.625
41.5
42.375
43.25
44.125
45.0
45.875
46.75
47.625
20.875
17.875
15.625
16.125
17.0
17.875
18.75
19.625
20.75
21.875
23.0
24.125
25.25
26.375
27.625
28.875
30.125
31.375
32.625
33.875
35.125
36.375
37.625
38.875
40.375
30.875
25.25
20.25
18.375
16.25
15.125
16.0
16.875
17.75
18.625
19.5
20.375
21.25
22.125
23.0
23.875
24.75
25.625
26.5
27.375
28.25
29.125
30.0
31.0
32.0
21.375
15.25
12.75
13.125
13.625
14.375
15.25
16.25
17.375
18.5
19.75
21.0
22.25
23.5
24.75
26.25
27.875
29.5
31.125
32.75
34.375
36.125
37.875
39.625
41.375
25.75
20.5
20.375
21.625
22.875
24.25
25.625
27.0
28.375
29.75
31.25
32.75
34.25
35.75
37.25
38.75
40.375
42.0
43.625
45.25
46.875
48.5
50.25
52.0
53.75
44.125
34.5
29.0
29.25
30.25
31.25
32.25
33.25
34.25
35.25
36.25
37.25
38.375
39.5
40.625
41.75
42.875
44.0
45.125
46.375
47.625
49.0
50.5
52.125
53.875
39.25
32.25
26.125
22.25
22.375
23.125
24.375
25.625
26.875
28.125
29.375
30.625
31.875
33.125
34.375
35.625
36.875
38.25
39.625
41.125
42.75
44.375
46.0
47.625
49.25
33.875
26.375
21.0
20.375
19.75
20.375
21.125
22.0
22.875
23.875
24.875
26.0
27.125
28.25
29.375
30.625
31.875
33.25
34.625
36.0
37.375
38.75
40.125
41.5
42.875
33.875
31.0
30.625
31.625
32.625
33.625
34.75
35.875
37.125
38.5
39.875
41.375
42.875
44.5
46.125
47.75
49.5
51.25
53.0
54.75
56.5
58.25
60.0
61.75
63.5
54.5
48.875
45.875
45.25
46.125
47.0
48.0
49.0
50.0
51.0
52.0
53.0
54.125
55.25
56.375
57.5
58.75
60.125
61.625
63.25
64.875
66.5
68.125
69.75
71.375
44.5
27.0
15.875
10.75
10.0
10.75
11.625
12.5
13.375
14.25
15.125
16.0
17.0
18.0
19.0
20.125
21.375
22.625
24.0
25.375
26.75
28.125
29.5
30.875
32.25
25.0
22.0
19.625
20.25
20.875
21.5
22.125
22.75
23.5
24.25
25.0
25.875
26.875
28.0
29.125
30.25
31.375
32.5
33.625
34.75
35.875
37.0
38.125
39.25
40.375
25.75
16.25
15.25
16.0
16.875
17.875
18.875
19.875
20.875
21.875
22.875
23.875
24.875
26.0
27.125
28.25
29.375
30.5
31.75
33.0
34.25
35.5
36.75
38.0
39.25
31.75
25.25
22.875
20.5
21.375
22.25
23.125
24.0
25.0
26.0
27.125
28.25
29.5
30.75
32.125
33.5
34.875
36.25
37.75
39.5
41.25
43.0
44.875
46.875
48.875
37.0
27.375
21.75
18.5
17.75
18.625
19.75
20.875
22.0
23.125
24.25
25.5
26.875
28.25
29.625
31.125
32.75
34.375
36.0
37.75
39.625
41.5
43.375
45.375
47.375
37.75
32.0
29.375
27.125
25.25
25.25
26.5
27.75
29.0
30.375
31.75
33.125
34.5
35.875
37.375
38.875
40.375
41.875
43.375
44.875
46.375
47.875
49.375
51.0
52.625
40.375
31.375
27.25
23.625
20.125
16.875
16.625
17.375
18.125
18.875
19.625
20.625
21.625
22.625
23.625
24.625
25.625
26.75
28.0
29.25
30.5
31.75
33.0
34.25
35.625
33.0
31.75
32.875
34.0
35.125
36.375
37.625
38.875
40.125
41.375
42.625
44.0
45.375
46.875
48.375
49.875
51.5
53.375
55.375
57.375
59.375
61.375
63.375
65.625
67.875
51.25
39.375
37.625
37.75
38.375
39.75
41.5
43.25
45.125
47.0
48.875
50.75
52.625
54.625
56.625
58.625
60.75
62.875
65.0
67.125
69.25
71.375
73.5
75.625
77.875
64.5
54.125
47.25
41.5
40.25
41.375
43.0
44.625
46.375
48.125
50.0
52.0
54.125
56.25
58.375
60.5
62.625
64.75
66.875
69.125
71.375
73.625
76.0
78.625
81.25
65.875
57.375
49.5
43.125
42.875
43.375
43.75
45.125
46.5
48.0
49.5
51.0
52.625
54.25
55.875
57.5
59.125
60.75
62.375
64.125
65.875
67.625
69.375
71.375
73.5
58.5
44.0
31.875
21.625
19.125
17.375
16.0
17.125
18.375
19.625
20.875
22.125
23.375
24.625
25.875
27.125
28.5
29.875
31.375
32.875
34.375
35.875
37.5
39.125
40.75
35.625
30.625
27.0
27.0
27.75
28.625
29.5
30.375
31.25
32.25
33.25
34.25
35.25
36.25
37.25
38.25
39.25
40.25
41.375
42.625
44.0
45.375
46.875
48.375
49.875
40.5
33.0
26.75
26.25
27.0
27.75
28.5
29.375
30.375
31.375
32.375
33.5
34.625
35.75
36.875
38.0
39.125
40.25
41.5
42.75
44.125
45.5
46.875
48.25
49.625
43.0
39.875
38.375
37.0
37.875
38.875
39.875
40.875
41.875
42.875
43.875
44.875
45.875
46.875
47.875
49.0
50.125
51.375
52.625
53.875
55.125
56.5
58.0
59.5
61.0
30.25
22.375
18.375
19.375
20.375
21.375
22.375
23.375
24.375
25.375
26.375
27.375
28.375
29.375
30.375
31.375
32.5
33.625
34.75
36.0
37.5
39.125
40.75
42.375
44.125
29.125
23.375
20.875
21.0
22.375
23.75
25.125
26.625
28.25
29.875
31.5
33.125
34.75
36.375
38.25
40.125
42.25
44.375
46.5
48.625
50.75
52.875
55.0
57.125
59.25
47.625
40.625
38.125
35.875
35.25
36.5
37.75
39.0
40.25
41.5
42.75
44.0
45.25
46.625
48.0
49.375
50.75
52.125
53.5
54.875
56.25
57.625
59.125
60.75
62.5
52.5
48.125
44.0
40.625
41.25
41.75
42.25
42.75
43.875
45.0
46.375
47.875
49.375
50.875
52.375
54.0
55.625
57.5
59.375
61.25
63.25
65.25
67.25
69.25
71.5
51.125
34.0
26.125
23.0
23.125
24.75
26.375
28.125
29.875
31.75
33.625
35.5
37.375
39.25
41.25
43.375
45.5
47.625
49.75
51.875
54.0
56.125
58.25
60.375
62.5
51.875
44.125
40.125
36.75
34.25
33.5
34.875
36.25
37.625
39.0
40.5
42.0
43.625
45.25
46.875
48.5
50.25
52.0
53.875
55.75
57.75
59.75
61.75
63.75
65.75
51.875
41.0
33.5
27.5
25.625
26.5
27.375
28.5
29.625
30.875
32.125
33.375
34.625
35.875
37.125
38.375
39.625
40.875
42.125
43.5
44.875
46.375
47.875
49.5
51.125
45.625
41.125
38.875
39.875
40.875
41.875
42.875
44.0
45.125
46.25
47.375
48.5
49.625
50.75
52.0
53.375
54.75
56.125
57.5
58.875
60.25
61.625
63.125
64.625
66.125
43.5
24.875
19.125
16.375
14.25
15.0
15.75
16.625
17.75
18.875
20.125
21.375
22.75
24.125
25.5
26.875
28.25
29.75
31.375
33.0
34.75
36.5
38.25
40.125
42.0
32.625
26.75
23.25
22.0
21.625
22.625
23.625
24.625
25.625
26.625
27.625
28.75
29.875
31.0
32.125
33.25
34.375
35.75
37.125
38.5
39.875
41.25
42.625
44.0
45.375
34.875
30.5
26.125
21.875
17.625
14.5
15.375
16.25
17.25
18.25
19.25
20.25
21.25
22.375
23.5
24.625
25.875
27.125
28.5
29.875
31.25
32.625
34.0
35.375
36.75
27.625
19.5
17.875
18.75
19.625
20.625
21.75
23.0
24.25
25.625
27.0
28.375
29.75
31.125
32.5
34.0
35.625
37.375
39.125
40.875
42.625
44.375
46.125
47.875
49.75
36.125
29.125
24.375
20.375
17.875
15.625
16.5
17.375
18.25
19.125
20.0
20.875
21.75
22.625
23.5
24.375
25.25
26.25
27.375
28.5
29.75
31.125
32.5
33.875
35.375
25.25
21.75
18.5
19.625
20.75
22.0
23.375
24.875
26.375
27.875
29.375
30.875
32.375
33.875
35.5
37.125
38.75
40.375
42.0
43.625
45.25
47.0
48.75
50.5
52.375
48.5
47.375
47.125
47.875
49.125
50.375
51.75
53.125
54.5
56.125
57.75
59.375
61.0
62.625
64.25
65.875
67.5
69.125
70.875
72.75
74.625
76.75
79.0
81.25
83.5
69.375
61.625
56.25
52.0
52.0
52.0
52.0
53.375
54.875
56.375
57.875
59.375
60.875
62.625
64.375
66.125
68.0
70.0
72.125
74.375
76.875
79.375
82.0
84.75
87.5
65.0
52.625
44.625
39.5
35.75
33.375
31.75
30.25
29.25
30.75
32.25
33.75
35.25
36.75
38.25
39.75
41.375
43.0
44.625
46.375
48.125
50.0
51.875
53.875
55.875
45.25
35.875
33.0
30.5
28.875
28.75
28.625
29.5
30.5
31.5
32.5
33.5
34.5
35.5
36.5
37.5
38.5
39.5
40.5
41.5
42.5
43.5
44.5
45.625
46.75
31.875
17.625
14.0
13.75
14.375
15.0
15.75
16.5
17.25
18.0
18.75
19.5
20.25
21.0
21.75
22.625
23.5
24.375
25.375
26.375
27.375
28.375
29.5
30.625
32.0
21.5
13.875
11.75
12.625
13.5
14.5
15.5
16.625
17.75
18.875
20.0
21.125
22.25
23.375
24.5
25.625
26.75
27.875
29.0
30.25
31.625
33.125
34.625
36.125
37.625
25.125
19.375
15.875
15.875
16.75
17.625
18.5
19.375
20.25
21.25
22.25
23.25
24.25
25.25
26.25
27.375
28.625
29.875
31.125
32.375
33.625
34.875
36.125
37.375
38.625
27.125
17.5
16.0
16.875
17.75
18.625
19.5
20.375
21.25
22.125
23.125
24.125
25.25
26.5
27.875
29.25
30.625
32.0
33.375
34.75
36.125
37.5
38.875
40.25
41.625
27.875
20.0
16.375
13.75
12.375
13.125
13.875
14.625
15.5
16.375
17.25
18.25
19.25
20.25
21.5
22.75
24.0
25.25
26.5
27.75
29.0
30.5
32.125
33.875
35.625
25.125
23.125
22.75
23.125
24.375
25.625
26.875
28.125
29.375
30.625
31.875
33.125
34.375
35.625
36.875
38.125
39.375
40.75
42.125
43.5
44.875
46.25
47.625
49.125
50.625
36.25
29.125
26.625
27.125
27.625
28.625
29.75
30.875
32.0
33.125
34.25
35.375
36.5
37.75
39.0
40.25
41.5
42.75
44.0
45.25
46.5
47.75
49.0
50.25
51.5
35.25
27.75
22.125
18.375
19.25
20.125
21.125
22.125
23.25
24.375
25.625
26.875
28.25
29.625
31.0
32.375
33.75
35.25
36.875
38.5
40.25
42.125
44.0
45.875
47.75
39.5
33.625
28.25
28.25
29.25
30.25
31.25
32.25
33.25
34.375
35.625
36.875
38.25
39.75
41.25
42.875
44.5
46.125
47.75
49.375
51.0
52.75
54.5
56.25
58.0
50.625
44.375
39.875
35.625
31.375
27.125
26.125
25.875
27.125
28.375
29.625
30.875
32.125
33.375
34.75
36.125
37.5
38.875
40.5
42.125
43.75
45.5
47.25
49.0
50.875
34.5
28.125
21.875
21.625
22.625
23.75
25.0
26.25
27.5
28.75
30.125
31.5
32.875
34.25
35.625
37.0
38.5
40.0
41.625
43.25
45.0
46.75
48.5
50.25
52.0
37.875
29.0
24.125
21.25
21.625
22.375
23.25
24.125
25.125
26.125
27.125
28.125
29.25
30.375
31.625
32.875
34.125
35.5
36.875
38.25
39.625
41.0
42.375
43.875
45.375
36.125
27.375
23.5
23.25
24.375
25.625
27.0
28.375
29.75
31.125
32.5
33.875
35.25
36.625
38.0
39.625
41.25
42.875
44.5
46.125
47.875
49.625
51.5
53.625
55.75
35.0
33.5
32.0
31.875
32.5
33.0
34.375
35.875
37.375
38.875
40.375
41.875
43.375
44.875
46.375
47.875
49.375
51.0
52.625
54.25
55.875
57.625
59.375
61.375
63.375
54.25
49.375
44.5
45.875
47.25
48.625
50.0
51.375
52.875
54.375
55.875
57.625
59.375
61.125
62.875
64.625
66.5
68.375
70.25
72.125
74.0
75.875
77.75
79.625
81.5
63.0
50.625
42.875
37.125
32.625
31.5
30.75
31.875
33.0
34.125
35.375
36.625
37.875
39.25
40.75
42.375
44.0
45.625
47.25
48.875
50.5
52.25
54.0
55.75
57.5
44.5
36.875
30.625
24.875
24.125
24.0
25.125
26.375
27.75
29.25
31.125
33.125
35.125
37.125
39.125
41.125
43.25
45.5
47.75
50.0
52.375
54.875
57.375
59.875
62.5
54.125
48.625
43.625
42.125
43.875
45.625
47.375
49.375
51.375
53.375
55.375
57.375
59.5
61.625
63.875
66.25
68.75
71.25
73.75
76.375
79.0
81.875
84.75
87.75
90.875
77.0
65.375
56.125
50.5
44.875
45.875
47.0
49.0
51.125
53.25
55.5
57.75
60.0
62.25
64.625
67.0
69.375
71.75
74.125
76.5
78.875
81.25
83.625
86.0
88.5
75.25
64.75
55.875
50.25
44.875
41.375
38.5
36.0
37.0
38.25
39.5
40.75
42.125
43.5
44.875
46.5
48.125
49.75
51.5
53.375
55.25
57.25
59.25
61.25
63.25
49.25
35.75
30.25
28.75
29.0
30.375
31.75
33.25
34.75
36.5
38.25
40.0
41.75
43.5
45.25
47.0
48.75
50.625
52.5
54.375
56.375
58.5
60.75
63.0
65.25
56.125
51.5
49.875
48.125
48.25
49.875
51.5
53.25
55.0
56.75
58.5
60.25
62.0
63.75
65.5
67.25
69.0
70.75
72.5
74.375
76.25
78.125
80.0
81.875
83.75
66.0
48.875
35.0
30.375
31.375
32.375
33.5
34.75
36.0
37.25
38.5
39.875
41.25
42.625
44.0
45.375
46.75
48.125
49.5
50.875
52.375
53.875
55.375
56.875
58.375
42.625
28.375
20.375
18.5
19.375
20.25
21.125
22.0
23.0
24.125
25.25
26.5
27.875
29.25
30.625
32.125
33.625
35.125
36.625
38.25
39.875
41.5
43.25
45.125
47.0
35.625
27.75
21.125
19.25
17.75
18.875
20.125
21.375
22.625
23.875
25.125
26.375
27.75
29.125
30.5
31.875
33.25
34.75
36.25
37.75
39.375
41.0
42.875
44.75
46.625
35.875
28.375
23.125
23.5
24.875
26.25
27.625
29.0
30.5
32.0
33.625
35.375
37.125
38.875
40.625
42.375
44.125
45.875
47.625
49.375
51.25
53.125
55.125
57.125
59.25
53.375
47.625
42.125
39.375
36.75
35.0
35.5
36.875
38.25
39.625
41.0
42.375
43.75
45.125
46.5
47.875
49.25
50.625
52.25
53.875
55.625
57.375
59.125
60.875
62.625
58.5
54.625
50.75
48.125
45.5
46.625
48.0
49.375
50.875
52.375
53.875
55.375
56.875
58.375
59.875
61.375
62.875
64.375
66.0
67.625
69.25
70.875
72.625
74.5
76.375
68.25
65.25
62.625
63.5
64.75
66.0
67.25
68.625
70.0
71.375
72.75
74.125
75.5
76.875
78.25
79.875
81.625
83.375
85.125
86.875
88.625
90.375
92.125
93.875
95.625
87.875
82.25
78.125
75.0
73.5
74.75
76.125
77.5
79.0
80.5
82.0
83.5
85.0
86.5
88.0
89.5
91.0
92.5
94.0
95.5
97.0
98.5
100.0
101.625
103.375
69.75
40.75
21.5
14.375
15.5
16.625
17.75
18.875
20.0
21.125
22.25
23.375
24.5
25.625
26.875
28.125
29.375
30.625
32.0
33.375
34.75
36.125
37.5
39.0
40.5
30.125
26.375
24.125
22.125
23.125
24.25
25.375
26.75
28.125
29.5
30.875
32.375
33.875
35.5
37.125
38.875
40.625
42.375
44.125
45.875
47.625
49.5
51.5
53.5
55.5
40.125
28.625
27.75
27.5
29.25
31.0
32.875
34.75
36.625
38.5
40.375
42.25
44.125
46.125
48.125
50.125
52.25
54.375
56.5
58.625
60.75
62.875
65.0
67.125
69.25
58.875
54.625
50.5
48.125
45.625
43.25
42.375
43.75
45.375
47.0
48.625
50.375
52.125
53.875
55.625
57.375
59.25
61.125
63.0
64.875
66.75
68.75
70.75
72.875
75.0
65.125
61.5
58.875
57.875
56.875
56.125
55.75
55.875
56.375
57.625
59.125
60.625
62.25
64.0
65.75
67.5
69.375
71.25
73.125
75.0
76.875
78.75
80.625
82.625
84.625
61.875
42.5
27.375
23.25
24.375
25.5
26.75
28.0
29.25
30.5
31.75
33.0
34.25
35.5
36.75
38.0
39.25
40.5
41.75
43.25
44.75
46.375
48.0
49.625
51.375
39.25
31.875
32.125
32.75
33.875
35.0
36.125
37.25
38.375
39.5
40.625
41.75
42.875
44.125
45.375
46.625
47.875
49.125
50.5
51.875
53.375
54.875
56.375
58.0
59.625
43.5
27.375
16.375
12.625
11.75
12.25
12.875
13.5
14.125
14.75
15.375
16.0
16.625
17.25
17.875
18.5
19.125
19.75
20.375
21.0
21.625
22.25
22.875
23.5
24.125
10.75
6.25
3.75
3.875
4.0
4.125
4.25
4.375
4.5
4.625
4.75
4.875
5.0
5.125
5.25
5.5
5.875
6.25
6.75
7.25
7.875
8.5
9.125
9.875
10.625
9.5
9.625
9.875
10.375
10.875
11.375
11.875
12.375
12.875
13.5
14.375
15.25
16.125
17.125
18.125
19.375
20.625
21.875
23.125
24.375
25.625
26.875
28.375
30.0
31.625
26.0
21.125
18.5
18.0
18.25
19.125
20.125
21.125
22.125
23.25
24.375
25.5
26.625
27.875
29.125
30.375
31.625
32.875
34.25
35.625
37.0
38.375
39.875
41.5
43.125
36.125
29.625
25.25
25.0
25.25
25.875
26.75
27.75
28.75
29.75
30.75
31.75
32.75
33.75
34.75
35.75
36.75
37.75
39.0
40.5
42.0
43.5
45.0
46.5
48.125
27.375
19.625
17.125
17.125
18.25
19.375
20.625
21.875
23.125
24.375
25.625
27.125
28.625
30.25
31.875
33.75
35.625
37.75
39.875
42.125
44.375
46.625
48.875
51.25
53.625
41.875
33.75
29.875
28.0
27.875
29.25
30.625
32.0
33.375
34.75
36.125
37.5
38.875
40.375
41.875
43.5
45.25
47.0
48.75
50.5
52.375
54.25
56.125
58.125
60.25
48.0
39.0
33.75
28.75
25.25
25.0
25.0
26.0
27.0
28.0
29.0
30.0
31.0
32.0
33.0
34.0
35.0
36.0
37.0
38.125
39.25
40.375
41.5
42.75
44.0
35.875
29.25
22.875
20.0
17.625
15.375
15.875
16.625
17.5
18.375
19.25
20.125
21.0
21.875
22.75
23.625
24.5
25.375
26.25
27.125
28.0
28.875
29.75
30.625
31.625
22.875
16.0
13.875
11.875
9.875
10.625
11.375
12.125
12.875
13.625
14.375
15.125
15.875
16.75
17.625
18.5
19.375
20.25
21.125
22.0
22.875
23.75
24.625
25.5
26.375
17.875
15.875
14.625
15.125
15.75
16.375
17.0
17.625
18.25
19.0
19.875
20.75
21.625
22.5
23.5
24.625
25.875
27.125
28.375
29.625
30.875
32.125
33.375
34.625
36.125
21.0
14.625
13.875
14.75
15.625
16.5
17.375
18.25
19.25
20.25
21.25
22.25
23.25
24.25
25.25
26.375
27.5
28.625
29.875
31.125
32.375
33.625
34.875
36.125
37.375
28.875
21.5
18.75
19.375
19.875
20.5
21.25
22.0
22.75
23.625
24.625
25.625
26.625
27.625
28.625
29.625
30.625
31.625
32.625
33.625
34.625
35.625
36.625
37.625
38.625
23.125
12.125
5.5
3.625
4.25
4.875
5.625
6.5
7.375
8.25
9.125
10.0
11.0
12.0
13.125
14.25
15.375
16.5
17.625
18.75
19.875
21.0
22.125
23.375
24.625
17.75
12.625
7.375
7.75
8.5
9.25
10.125
11.25
12.375
13.5
14.625
15.75
16.875
18.0
19.125
20.25
21.375
22.5
23.625
24.875
26.125
27.375
28.75
30.25
31.75
23.125
17.875
16.5
17.625
18.75
19.875
21.125
22.5
23.875
25.25
26.625
28.0
29.5
31.25
33.125
35.0
37.0
39.125
41.25
43.375
45.5
47.625
49.75
51.875
54.0
42.625
35.125
30.75
32.25
33.875
35.5
37.125
38.875
40.625
42.5
44.375
46.25
48.125
50.125
52.125
54.125
56.125
58.125
60.125
62.125
64.125
66.125
68.125
70.125
72.125
62.5
54.875
48.875
44.75
45.75
46.75
47.875
49.0
50.125
51.25
52.375
53.625
54.875
56.25
57.75
59.25
60.75
62.25
63.75
65.25
66.75
68.25
69.75
71.25
72.75
51.75
43.625
35.875
28.625
21.25
19.5
20.125
20.75
21.375
22.0
22.625
23.375
24.125
24.875
25.625
26.375
27.125
27.875
28.625
29.375
30.125
30.875
31.75
32.625
33.5
21.125
11.25
11.625
12.0
12.375
12.75
13.25
13.75
14.25
14.75
15.25
15.75
16.25
16.875
17.5
18.25
19.0
19.75
20.5
21.25
22.0
22.75
23.5
24.25
25.0
9.125
8.125
8.75
9.375
10.0
10.625
11.25
11.875
12.625
13.375
14.125
14.875
15.625
16.375
17.25
18.125
19.125
20.125
21.125
22.125
23.125
24.125
25.125
26.125
27.25
21.25
20.375
21.0
21.625
22.25
22.875
23.625
24.375
25.25
26.375
27.5
28.625
29.75
30.875
32.0
33.125
34.375
35.625
37.0
38.5
40.0
41.5
43.0
44.5
46.0
29.75
23.5
21.875
22.875
23.875
24.875
25.875
26.875
28.0
29.125
30.25
31.375
32.5
33.625
34.75
35.875
37.0
38.125
39.25
40.375
41.5
42.625
43.75
44.875
46.125
32.875
22.875
18.0
18.625
19.25
20.0
20.75
21.5
22.25
23.0
23.75
24.5
25.375
26.25
27.125
28.0
29.0
30.0
31.0
32.0
33.0
34.125
35.25
36.375
37.5
28.5
21.25
14.5
11.25
11.625
12.0
12.375
12.75
13.125
13.625
14.125
14.625
15.125
15.625
16.125
16.625
17.125
17.625
18.125
18.625
19.125
19.625
20.125
20.625
21.125
6.625
2.75
3.0
3.5
4.0
4.5
5.0
5.5
6.0
6.5
7.0
7.625
8.25
8.875
9.5
10.125
10.75
11.5
12.375
13.25
14.125
15.0
15.875
16.75
17.75
14.875
15.375
16.125
16.875
17.625
18.375
19.25
20.125
21.125
22.125
23.125
24.125
25.125
26.125
27.125
28.125
29.125
30.125
31.125
32.125
33.125
34.125
35.125
36.125
37.25
26.75
18.5
14.75
15.25
15.75
16.375
17.25
18.25
19.5
20.75
22.0
23.25
24.5
25.75
27.125
28.5
29.875
31.25
32.625
34.0
35.375
36.875
38.375
40.0
41.625
31.5
24.625
22.25
20.875
20.875
21.875
23.0
24.125
25.375
26.625
27.875
29.125
30.375
31.625
32.875
34.125
35.5
36.875
38.25
39.625
41.0
42.375
43.75
45.125
46.625
36.75
29.75
26.625
27.625
28.625
29.75
30.875
32.125
33.375
34.625
36.0
37.375
38.75
40.25
41.75
43.375
45.0
46.625
48.25
49.875
51.5
53.125
54.75
56.375
58.0
39.5
28.75
22.375
21.625
22.5
23.375
24.375
25.375
26.5
27.75
29.0
30.25
31.5
32.75
34.0
35.25
36.625
38.0
39.375
40.875
42.375
43.875
45.5
47.125
48.75
34.875
24.375
14.5
13.0
13.875
14.75
15.625
16.5
17.375
18.25
19.125
20.0
20.875
21.75
22.625
23.5
24.375
25.25
26.125
27.0
27.875
28.75
29.625
30.625
31.75
27.25
22.75
19.375
16.5
17.125
17.75
18.375
19.0
19.625
20.5
21.375
22.25
23.125
24.0
24.875
25.875
26.875
27.875
28.875
30.0
31.125
32.25
33.375
34.5
35.75
26.0
19.25
16.75
15.25
15.75
16.5
17.25
18.0
18.75
19.5
20.375
21.25
22.125
23.0
23.875
24.875
25.875
26.875
27.875
29.0
30.125
31.25
32.5
33.875
35.25
20.125
15.0
15.25
16.125
17.0
17.875
18.75
19.625
20.5
21.375
22.25
23.125
24.0
25.0
26.0
27.0
28.0
29.0
30.0
31.0
32.0
33.125
34.25
35.375
36.5
23.625
15.0
14.75
15.25
15.75
16.375
17.0
17.625
18.375
19.125
19.875
20.625
21.375
22.125
22.875
23.75
24.625
25.5
26.625
27.75
28.875
30.0
31.25
32.5
33.75
23.625
20.5
19.75
20.375
21.0
21.625
22.5
23.5
24.5
25.5
26.625
27.75
29.0
30.25
31.5
32.75
34.0
35.25
36.5
37.75
39.0
40.25
41.5
42.75
44.125
24.5
17.625
15.75
16.5
17.375
18.375
19.375
20.5
21.625
22.875
24.125
25.375
26.625
27.875
29.125
30.375
31.75
33.125
34.5
35.875
37.25
38.625
40.125
41.625
43.125
33.625
29.75
25.875
24.25
22.75
21.875
21.5
22.25
23.0
23.75
24.5
25.25
26.0
26.75
27.625
28.625
29.625
30.625
31.625
32.625
33.75
34.875
36.0
37.125
38.25
30.5
30.0
31.0
32.0
33.0
34.0
35.0
36.0
37.0
38.0
39.0
40.125
41.25
42.375
43.75
45.125
46.5
47.875
49.25
50.625
52.0
53.375
54.75
56.25
57.75
41.5
31.5
23.375
20.75
19.25
17.875
18.5
19.125
19.75
20.375
21.0
21.625
22.25
22.875
23.5
24.25
25.0
25.75
26.5
27.25
28.0
28.75
29.5
30.375
31.25
16.25
9.375
6.75
7.625
8.5
9.375
10.25
11.125
12.0
13.0
14.0
15.0
16.0
17.0
18.0
19.0
20.125
21.375
22.625
24.0
25.375
26.75
28.25
29.875
31.5
25.5
23.75
23.5
23.5
23.875
25.0
26.125
27.25
28.375
29.5
30.625
31.75
32.875
34.0
35.125
36.25
37.375
38.5
39.625
40.75
41.875
43.0
44.25
45.625
47.0
35.375
25.0
22.25
23.0
23.75
24.5
25.25
26.0
26.75
27.5
28.25
29.0
29.875
30.75
31.625
32.5
33.375
34.25
35.25
36.25
37.25
38.25
39.25
40.25
41.25
33.75
28.625
26.125
26.75
27.375
28.0
28.625
29.25
29.875
30.625
31.375
32.125
33.0
33.875
34.75
35.625
36.5
37.375
38.25
39.125
40.0
41.0
42.125
43.25
44.375
22.75
10.75
9.375
9.875
10.375
11.0
11.75
12.625
13.625
14.625
15.625
16.625
17.625
18.625
19.625
20.625
21.625
22.625
23.625
24.625
25.625
26.625
27.625
28.625
29.625
17.25
11.625
8.0
5.375
5.75
6.125
6.625
7.125
7.625
8.125
8.625
9.125
9.75
10.375
11.125
11.875
12.625
13.375
14.125
15.0
15.875
16.875
17.875
18.875
19.875
17.5
15.75
16.375
17.0
17.625
18.25
19.0
19.75
20.5
21.25
22.0
22.75
23.5
24.25
25.0
25.875
26.75
27.75
28.875
30.0
31.125
32.25
33.375
34.625
35.875
28.125
27.625
27.125
26.5
27.125
27.75
28.375
29.0
29.75
30.5
31.25
32.0
32.75
33.5
34.25
35.125
36.0
36.875
37.75
38.625
39.5
40.375
41.25
42.125
43.125
35.75
30.875
31.625
32.375
33.25
34.25
35.25
36.25
37.25
38.25
39.25
40.25
41.25
42.25
43.25
44.25
45.25
46.25
47.25
48.25
49.25
50.25
51.25
52.25
53.375
39.875
28.75
18.625
15.875
13.375
10.75
11.25
11.75
12.25
12.75
13.25
13.75
14.25
14.875
15.5
16.125
16.875
17.625
18.375
19.125
19.875
20.625
21.375
22.25
23.125
16.375
13.625
10.875
11.5
12.25
13.0
13.75
14.5
15.375
16.25
17.25
18.375
19.5
20.625
21.75
22.875
24.125
25.375
26.625
27.875
29.25
30.625
32.0
33.5
35.0
30.75
29.75
30.125
31.0
31.875
32.75
33.625
34.5
35.375
36.25
37.25
38.25
39.25
40.25
41.25
42.25
43.25
44.25
45.25
46.25
47.25
48.25
49.25
50.25
51.25
34.25
21.875
22.5
23.125
23.75
24.375
25.0
25.625
26.375
27.125
27.875
28.75
29.625
30.625
31.875
33.125
34.375
35.75
37.25
38.75
40.25
41.75
43.25
44.75
46.375
27.875
17.875
12.875
13.5
14.625
15.75
16.875
18.125
19.375
20.625
22.0
23.375
24.75
26.125
27.5
28.875
30.375
32.0
33.75
35.5
37.25
39.0
40.75
42.5
44.25
36.375
30.0
25.5
25.0
26.0
27.0
28.0
29.0
30.0
31.0
32.0
33.0
34.0
35.0
36.0
37.0
38.0
39.0
40.125
41.25
42.375
43.5
44.75
46.125
47.5
37.5
34.5
32.75
32.625
33.75
34.875
36.0
37.125
38.25
39.375
40.5
41.75
43.0
44.375
45.75
47.125
48.5
50.0
51.5
53.0
54.625
56.25
57.875
59.5
61.125
55.625
51.75
48.375
47.5
47.25
48.25
49.375
50.5
51.75
53.0
54.25
55.5
56.75
58.125
59.5
60.875
62.25
63.625
65.0
66.375
67.875
69.375
70.875
72.375
73.875
46.5
30.875
19.375
16.625
17.25
17.875
18.5
19.125
19.75
20.375
21.0
21.625
22.25
22.875
23.5
24.125
24.75
25.375
26.0
26.75
27.5
28.25
29.0
29.75
30.625
21.125
17.5
18.0
18.5
19.0
19.5
20.0
20.5
21.0
21.5
22.0
22.5
23.0
23.625
24.25
24.875
25.5
26.125
26.875
27.625
28.375
29.125
29.875
30.625
31.375
22.0
13.625
5.25
3.5
3.625
3.75
3.875
4.0
4.125
4.25
4.5
4.75
5.0
5.25
5.5
5.75
6.0
6.25
6.5
6.75
7.0
7.25
7.5
8.125
8.75
7.0
7.0
7.375
7.75
8.125
8.5
8.875
9.25
9.625
10.0
10.375
10.875
11.375
11.875
12.375
13.0
13.75
14.5
15.25
16.0
16.75
17.625
18.5
19.375
20.25
8.625
7.375
8.0
8.75
9.5
10.25
11.0
11.75
12.5
13.375
14.25
15.125
16.125
17.25
18.375
19.625
20.875
22.125
23.375
24.625
25.875
27.125
28.375
29.625
30.875
24.5
20.25
19.375
20.125
20.875
21.625
22.375
23.125
23.875
24.625
25.375
26.125
26.875
27.625
28.375
29.125
29.875
30.625
31.5
32.5
33.5
34.625
35.875
37.25
38.625
22.75
16.25
12.375
13.125
14.0
14.875
15.75
16.625
17.5
18.375
19.25
20.125
21.0
21.875
22.75
23.625
24.625
25.625
26.75
27.875
29.0
30.125
31.25
32.375
33.5
20.625
14.25
13.375
13.875
14.375
14.875
15.375
15.875
16.5
17.125
17.75
18.375
19.0
19.75
20.625
21.5
22.375
23.375
24.375
25.75
27.125
28.5
29.875
31.25
32.625
20.125
14.375
11.25
10.875
11.375
12.25
13.125
14.125
15.125
16.125
17.25
18.375
19.5
20.625
21.75
22.875
24.125
25.375
26.625
27.875
29.125
30.5
31.875
33.375
34.875
26.375
21.375
20.875
21.75
22.625
23.625
24.625
25.625
26.625
27.625
28.625
29.625
30.625
31.875
33.25
34.625
36.0
37.375
38.875
40.375
41.875
43.375
44.875
46.5
48.125
34.75
26.125
20.875
18.0
18.875
19.875
20.875
21.875
22.875
23.875
24.875
25.875
26.875
27.875
29.0
30.125
31.25
32.375
33.625
34.875
36.125
37.375
38.625
39.875
41.125
27.0
19.875
14.75
15.125
15.75
16.375
17.125
17.875
18.625
19.375
20.125
20.875
21.625
22.5
23.375
24.25
25.25
26.25
27.375
28.5
29.625
30.75
32.0
33.375
34.875
32.75
31.375
30.75
30.5
30.5
31.375
32.25
33.125
34.0
34.875
35.875
37.0
38.375
39.75
41.125
42.5
43.875
45.25
46.75
48.25
49.75
51.25
52.875
54.5
56.125
36.0
28.625
22.75
19.625
18.75
17.75
19.0
20.25
21.5
22.75
24.0
25.25
26.5
27.875
29.25
30.625
32.0
33.375
34.75
36.125
37.5
38.875
40.25
41.75
43.25
34.0
30.75
28.125
29.25
30.5
31.75
33.0
34.25
35.625
37.25
38.875
40.5
42.25
44.0
45.75
47.5
49.25
51.0
52.75
54.5
56.25
58.0
59.75
61.625
63.5
49.125
39.125
32.125
28.375
29.125
30.375
31.625
32.875
34.25
35.625
37.125
38.625
40.125
41.625
43.125
44.625
46.25
47.875
49.5
51.25
53.0
54.75
56.5
58.25
60.0
43.125
32.625
28.5
24.5
24.25
25.375
26.5
27.625
28.75
29.875
31.125
32.5
33.875
35.25
36.625
38.0
39.375
40.75
42.125
43.5
44.875
46.25
47.75
49.25
50.75
37.125
29.375
24.75
20.125
18.5
19.25
20.0
20.75
21.5
22.25
23.0
23.75
24.5
25.25
26.25
27.25
28.25
29.25
30.375
31.5
32.75
34.0
35.375
36.75
38.125
25.375
16.125
15.25
14.625
15.25
15.875
16.5
17.125
17.875
18.625
19.5
20.375
21.25
22.25
23.375
24.5
25.625
26.75
27.875
29.0
30.125
31.25
32.375
33.625
34.875
30.875
28.25
27.0
27.875
28.75
29.625
30.5
31.375
32.25
33.125
34.0
34.875
35.75
36.625
37.5
38.375
39.25
40.125
41.0
41.875
42.875
43.875
44.875
46.125
47.375
28.25
15.875
11.625
12.375
13.125
13.875
14.625
15.375
16.125
16.875
17.625
18.375
19.125
19.875
20.625
21.375
22.125
22.875
23.625
24.375
25.125
25.875
26.625
27.375
28.125
16.5
10.25
6.875
7.125
7.375
7.625
7.875
8.25
8.625
9.0
9.375
9.875
10.375
10.875
11.375
11.875
12.375
12.875
13.375
14.0
14.625
15.25
15.875
16.625
17.5
11.625
12.0
12.75
13.5
14.25
15.0
15.75
16.625
17.625
18.625
19.625
20.625
21.625
22.625
23.625
24.625
25.75
26.875
28.0
29.125
30.25
31.375
32.625
33.875
35.125
23.5
16.5
14.875
14.75
15.375
16.0
16.625
17.25
18.0
18.75
19.5
20.375
21.375
22.375
23.375
24.375
25.375
26.375
27.375
28.375
29.375
30.375
31.5
32.625
33.75
20.25
14.25
12.0
12.375
12.875
13.5
14.125
14.75
15.375
16.0
16.625
17.25
17.875
18.5
19.125
19.75
20.375
21.0
21.625
22.25
22.875
23.5
24.125
24.75
25.375
10.25
7.875
8.125
8.375
8.625
8.875
9.125
9.375
9.75
10.125
10.5
10.875
11.25
11.75
12.25
12.75
13.25
13.75
14.25
14.75
15.25
15.75
16.25
16.75
17.25
9.75
8.5
8.625
8.875
9.25
9.75
10.375
11.0
11.625
12.375
13.125
13.875
14.625
15.375
16.125
16.875
17.75
18.625
19.5
20.5
21.5
22.5
23.5
24.5
25.5
21.125
18.0
18.5
19.0
19.625
20.25
20.875
21.5
22.125
22.75
23.375
24.125
24.875
25.625
26.375
27.125
28.0
28.875
29.75
30.625
31.625
32.625
33.75
34.875
36.125
33.375
33.625
34.0
34.375
35.25
36.25
37.25
38.25
39.25
40.25
41.25
42.25
43.25
44.375
45.625
46.875
48.125
49.375
50.625
51.875
53.125
54.5
56.0
57.5
59.0
46.75
43.625
43.875
44.75
45.625
46.5
47.375
48.25
49.125
50.0
50.875
51.75
52.75
53.75
54.75
55.75
56.75
57.75
58.75
59.75
60.75
61.75
62.75
63.75
64.75
33.25
18.375
18.875
19.375
20.0
20.625
21.25
21.875
22.75
23.625
24.5
25.5
26.5
27.5
28.625
30.0
31.375
32.75
34.25
35.75
37.25
38.75
40.375
42.25
44.25
41.25
40.375
40.5
41.75
43.0
44.25
45.5
46.75
48.0
49.25
50.5
51.75
53.0
54.25
55.5
56.75
58.0
59.25
60.5
61.75
63.0
64.375
65.875
67.375
69.0
60.75
53.5
53.375
54.25
55.125
56.0
56.875
57.75
58.625
59.5
60.5
61.5
62.5
63.5
64.5
65.5
66.5
67.5
68.625
69.75
70.875
72.0
73.125
74.25
75.375
45.375
21.75
10.5
10.875
11.375
11.875
12.375
12.875
13.375
14.0
14.625
15.25
15.875
16.5
17.25
18.0
18.75
19.5
20.25
21.0
21.75
22.625
23.625
24.625
25.625
22.25
20.875
21.375
22.0
22.625
23.25
24.0
24.75
25.5
26.25
27.125
28.0
28.875
29.75
30.625
31.625
32.75
33.875
35.0
36.125
37.25
38.375
39.5
40.625
41.75
27.5
20.0
13.25
11.5
12.0
12.5
13.0
13.5
14.125
14.75
15.5
16.25
17.0
17.75
18.625
19.5
20.5
21.5
22.5
23.625
24.75
25.875
27.0
28.25
29.625
22.125
19.75
19.5
19.5
20.125
20.75
21.375
22.0
22.625
23.25
24.0
24.875
25.875
27.0
28.125
29.25
30.375
31.5
32.625
33.875
35.125
36.375
37.75
39.125
40.5
22.125
17.875
16.5
17.25
18.0
19.0
20.0
21.0
22.0
23.0
24.125
25.375
26.625
28.125
29.75
31.375
33.0
34.75
36.5
38.375
40.25
42.375
44.5
46.625
48.875
40.625
33.0
28.875
27.375
28.75
30.125
31.625
33.125
34.625
36.125
37.625
39.125
40.625
42.125
43.625
45.125
46.625
48.125
49.75
51.375
53.125
54.875
56.625
58.5
60.375
46.875
37.25
30.0
28.25
29.25
30.375
31.5
32.625
33.75
34.875
36.125
37.375
38.625
39.875
41.125
42.375
43.625
44.875
46.125
47.375
48.625
49.875
51.125
52.375
53.625
39.125
29.125
21.875
15.125
15.5
16.0
16.5
17.0
17.5
18.0
18.5
19.0
19.5
20.0
20.5
21.0
21.5
22.125
22.75
23.375
24.0
24.75
25.5
26.25
27.25
14.0
9.5
10.125
10.875
11.625
12.375
13.25
14.125
15.0
16.0
17.0
18.0
19.0
20.0
21.0
22.0
23.125
24.25
25.375
26.625
27.875
29.125
30.5
31.875
33.25
22.375
17.375
13.875
14.625
15.375
16.25
17.125
18.125
19.125
20.125
21.125
22.125
23.125
24.25
25.5
26.875
28.375
29.875
31.375
32.875
34.5
36.125
37.75
39.5
41.25
31.25
28.375
27.875
28.0
29.375
30.75
32.125
33.5
34.875
36.25
37.625
39.0
40.375
41.75
43.125
44.5
45.875
47.25
48.625
50.125
51.625
53.25
54.875
56.5
58.25
41.25
30.75
21.75
18.75
19.625
20.5
21.5
22.5
23.625
24.75
25.875
27.0
28.25
29.5
30.75
32.0
33.25
34.625
36.125
37.625
39.125
40.625
42.125
43.625
45.125
37.875
33.125
31.0
30.375
31.125
31.875
32.625
33.375
34.125
34.875
35.625
36.375
37.125
37.875
38.75
39.625
40.5
41.375
42.25
43.25
44.25
45.25
46.375
47.5
48.75
28.25
12.5
13.25
14.0
14.75
15.5
16.25
17.0
17.75
18.5
19.25
20.0
20.75
21.5
22.25
23.0
23.75
24.5
25.25
26.0
26.875
27.75
28.625
29.5
30.375
24.25
24.0
24.5
25.0
25.5
26.0
26.5
27.0
27.5
28.0
28.5
29.0
29.5
30.125
30.875
31.875
32.875
33.875
35.0
36.125
37.5
38.875
40.375
42.0
43.625
32.25
31.0
30.5
30.125
31.0
31.875
32.75
33.625
34.625
35.75
36.875
38.0
39.125
40.25
41.5
42.75
44.0
45.25
46.5
47.75
49.0
50.25
51.625
53.125
54.625
32.625
18.875
12.125
11.125
11.875
12.625
13.375
14.25
15.125
16.0
16.875
17.75
18.625
19.5
20.5
21.5
22.5
23.5
24.5
25.5
26.5
27.5
28.5
29.5
30.5
24.75
20.25
18.5
17.375
18.0
18.625
19.25
19.875
20.5
21.125
21.75
22.375
23.0
23.625
24.25
24.875
25.5
26.125
26.875
27.625
28.5
29.5
30.625
32.0
33.5
30.875
30.625
31.0
31.875
32.75
33.625
34.625
35.75
36.875
38.125
39.5
41.0
42.625
44.375
46.125
47.875
49.625
51.5
53.375
55.25
57.125
59.0
60.875
62.75
64.625
45.375
41.125
37.5
35.875
34.625
35.5
36.375
37.25
38.125
39.125
40.125
41.375
42.625
43.875
45.125
46.375
47.625
49.0
50.375
51.75
53.125
54.5
55.875
57.375
59.0
49.375
44.625
44.125
45.25
46.375
47.5
48.625
49.875
51.125
52.5
53.875
55.25
56.625
58.125
59.625
61.125
62.625
64.25
65.875
67.5
69.125
70.75
72.375
74.0
75.625
45.5
28.5
24.0
25.0
26.0
27.0
28.0
29.0
30.0
31.0
32.0
33.0
34.125
35.25
36.375
37.5
38.625
39.75
41.0
42.25
43.5
44.75
46.0
47.25
48.5
33.25
25.75
19.875
15.5
12.625
12.75
13.125
13.625
14.125
14.75
15.375
16.125
16.875
17.625
18.375
19.125
20.0
20.875
21.75
22.75
23.75
24.75
25.75
26.75
27.875
13.0
9.25
7.125
7.625
8.25
8.875
9.5
10.125
10.75
11.375
12.0
12.75
13.5
14.25
15.0
15.75
16.625
17.5
18.5
19.5
20.5
21.5
22.5
23.5
24.5
20.375
16.875
15.75
15.25
16.0
16.75
17.5
18.25
19.0
19.75
20.5
21.25
22.125
23.0
23.875
24.875
25.875
26.875
27.875
28.875
30.0
31.25
32.5
33.75
35.125
21.375
19.5
17.75
18.125
19.125
20.375
21.625
22.875
24.125
25.375
26.625
27.875
29.125
30.375
31.625
32.875
34.25
35.625
37.0
38.375
39.875
41.375
43.0
44.625
46.25
37.75
30.75
27.25
24.75
25.0
25.75
26.5
27.25
28.125
29.125
30.125
31.25
32.375
33.5
34.75
36.0
37.375
38.75
40.125
41.5
43.0
44.625
46.25
47.875
49.5
36.875
30.625
29.5
29.125
29.125
30.125
31.25
32.375
33.5
34.625
35.75
37.0
38.375
39.75
41.125
42.625
44.125
45.75
47.375
49.0
50.625
52.25
53.875
55.5
57.25
40.125
32.5
29.875
28.5
27.625
28.875
30.125
31.375
32.625
33.875
35.125
36.375
37.625
38.875
40.125
41.375
42.625
43.875
45.125
46.375
47.625
48.875
50.125
51.5
52.875
38.125
24.5
24.75
25.5
26.25
27.0
27.75
28.5
29.375
30.25
31.125
32.0
32.875
33.75
34.75
35.75
36.875
38.125
39.375
40.625
41.875
43.125
44.375
45.625
46.875
33.625
26.875
20.125
14.5
15.125
15.875
16.625
17.375
18.125
19.0
19.875
20.75
21.625
22.5
23.375
24.25
25.125
26.0
26.875
27.75
28.625
29.5
30.375
31.25
32.125
18.0
9.75
10.25
10.75
11.25
11.75
12.25
12.75
13.25
13.75
14.25
14.75
15.25
15.75
16.25
16.75
17.25
17.875
18.5
19.125
19.75
20.375
21.0
21.75
22.5
17.625
13.0
12.25
12.375
12.875
13.5
14.125
14.75
15.375
16.0
16.625
17.25
17.875
18.5
19.125
19.75
20.375
21.0
21.625
22.25
23.0
23.75
24.625
25.5
26.375
21.125
21.25
21.625
22.125
22.625
23.125
23.625
24.125
24.625
25.125
25.625
26.125
26.625
27.125
27.625
28.125
28.625
29.125
29.625
30.125
30.625
31.125
31.625
32.125
32.625
13.25
4.25
4.5
4.75
5.0
5.25
5.5
5.75
6.0
6.25
6.5
6.75
7.0
7.25
7.5
7.75
8.0
8.25
8.5
8.75
9.0
9.375
9.75
10.125
10.625
10.375
10.5
10.75
11.0
11.375
11.75
12.125
12.5
13.0
13.5
14.0
14.5
15.0
15.5
16.125
16.75
17.375
18.125
18.875
19.75
20.625
21.5
22.375
23.375
24.375
20.5
18.5
18.0
17.75
18.125
18.5
18.875
19.25
19.625
20.0
20.375
20.875
21.375
21.875
22.375
22.875
23.5
24.125
24.75
25.375
26.0
26.625
27.25
27.875
28.5
16.0
7.0
6.0
6.375
6.75
7.125
7.5
8.0
8.5
9.0
9.625
10.25
10.875
11.5
12.125
12.875
13.625
14.375
15.25
16.125
17.0
18.0
19.0
20.0
21.0
15.0
14.25
14.875
15.5
16.125
16.75
17.625
18.5
19.375
20.25
21.25
22.25
23.25
24.25
25.25
26.375
27.5
28.625
29.75
30.875
32.125
33.375
34.75
36.125
37.5
29.375
26.5
25.0
25.0
25.5
26.375
27.25
28.125
29.125
30.125
31.125
32.125
33.125
34.375
35.625
37.0
38.375
39.75
41.125
42.5
43.875
45.25
46.625
48.0
49.375
32.625
20.25
17.875
16.75
17.625
18.5
19.375
20.25
21.125
22.0
22.875
23.75
24.625
25.5
26.375
27.25
28.125
29.0
29.875
30.75
31.875
33.0
34.125
35.25
36.375
22.0
12.625
8.375
8.875
9.375
9.875
10.375
10.875
11.375
12.0
12.625
13.25
14.0
14.75
15.5
16.25
17.0
17.875
18.75
19.625
20.5
21.375
22.25
23.125
24.0
12.75
5.375
3.375
3.625
4.0
4.375
4.75
5.125
5.5
5.875
6.25
6.625
7.0
7.5
8.0
8.5
9.0
9.625
10.25
10.875
11.5
12.125
12.75
13.375
14.0
9.25
7.875
8.125
8.375
8.625
8.875
9.125
9.375
9.625
9.875
10.25
10.625
11.0
11.5
12.0
12.5
13.0
13.5
14.125
14.75
15.5
16.375
17.375
18.375
19.375
