0.0
0.0
0.0
0.0
0.0
0.0
0.0
0.0
0.0
0.0
0.0
0.0
0.0
0.0
0.0
0.0
0.0
0.0
0.0
0.0
0.0
0.0
0.0
0.0
0.0
0.0
0.125
0.25
0.375
0.5
0.625
0.875
1.125
1.5
2.0
2.625
2.0
1.875
2.125
2.375
2.75
3.125
3.5
4.0
4.5
5.0
5.5
6.0
6.625
7.25
7.875
8.5
9.125
9.75
10.375
11.0
11.625
8.25
6.375
6.875
7.375
7.875
8.375
8.875
9.375
9.875
10.375
11.0
11.625
12.25
13.0
13.75
14.625
15.5
16.375
17.25
18.25
19.25
12.25
10.875
11.5
12.125
12.75
13.375
14.0
14.625
15.25
15.875
16.5
17.125
17.875
18.625
19.375
20.125
20.875
21.75
22.625
23.625
24.75
25.875
27.0
28.125
29.375
16.0
14.75
15.5
16.25
17.0
17.75
18.5
19.25
20.0
20.75
21.5
22.375
23.25
24.125
18.625
14.375
15.0
15.625
16.25
16.875
17.5
18.125
18.75
19.375
20.0
20.625
21.25
21.875
22.5
23.125
23.75
24.375
25.125
13.0
5.5
0.75
1.0
1.25
1.5
1.75
2.0
2.25
2.5
2.75
3.0
3.375
3.75
4.125
4.5
5.0
5.625
6.25
6.875
7.5
5.5
4.75
5.25
5.75
6.25
6.75
7.25
7.75
8.25
8.875
9.5
10.25
11.0
11.75
12.5
13.25
14.0
14.75
15.625
12.0
11.5
12.125
12.75
13.375
14.25
15.125
16.125
17.125
18.125
19.25
20.375
21.5
22.625
12.125
10.25
11.0
11.75
12.5
13.25
14.125
15.0
15.875
16.75
17.625
18.5
19.375
20.375
21.375
22.375
23.375
24.625
26.0
27.375
28.75
30.125
31.5
21.75
18.125
15.0
14.75
15.5
16.25
17.0
17.875
18.75
19.625
20.5
21.375
22.25
23.125
24.0
24.875
25.75
26.625
27.5
16.5
13.75
14.25
14.875
15.5
16.125
16.75
17.375
18.0
18.625
19.375
20.125
20.875
21.75
22.625
23.5
24.375
25.25
26.125
27.0
14.5
6.875
7.25
7.625
8.0
8.375
8.75
9.25
9.75
10.25
10.75
11.25
11.75
12.25
12.75
13.25
13.75
14.25
4.75
5.0
5.25
5.5
5.75
6.0
6.375
6.75
7.125
7.5
7.875
8.25
8.625
9.0
9.375
9.75
10.125
10.625
11.125
5.625
6.0
6.5
7.0
7.5
8.0
8.5
9.0
9.5
10.0
10.5
11.125
11.75
12.375
13.0
13.625
14.25
14.875
9.375
9.875
10.5
11.25
12.0
12.75
13.5
14.25
15.0
15.75
16.5
17.25
18.0
18.875
19.75
10.75
9.625
10.125
10.625
11.25
11.875
12.5
13.25
14.0
14.875
15.75
16.625
17.5
18.375
19.25
20.125
21.0
21.875
11.25
9.125
8.125
8.5
8.875
9.25
9.625
10.0
10.375
10.75
11.125
11.5
11.875
12.25
12.625
13.0
13.375
13.875
14.375
14.875
15.375
15.875
16.375
10.0
6.0
6.375
6.75
7.25
7.75
8.25
8.75
9.375
10.0
10.625
11.25
11.875
12.5
13.125
13.75
14.375
15.0
5.5
5.875
6.25
6.625
7.125
7.625
8.125
8.75
9.375
10.0
10.75
11.5
12.375
13.25
14.125
15.125
16.125
17.125
18.125
13.375
13.375
14.0
14.75
15.5
16.25
17.0
17.75
18.5
19.25
20.0
20.75
21.5
22.25
10.625
11.25
11.875
12.625
13.375
14.125
14.875
15.75
16.75
17.75
18.875
20.125
21.375
22.625
24.0
25.5
27.125
28.875
30.625
32.375
34.125
36.0
37.875
27.875
21.375
17.5
17.0
16.625
17.625
18.625
19.75
21.0
22.25
23.5
24.75
26.0
27.25
28.5
29.75
31.0
32.25
33.5
24.75
22.625
23.75
24.875
26.0
27.125
28.375
29.625
30.875
32.125
33.5
34.875
36.25
37.625
39.0
28.125
17.75
12.75
13.625
14.625
15.625
16.625
17.75
18.875
20.0
21.125
22.25
23.375
24.625
25.875
27.125
28.375
29.625
31.0
32.375
33.75
35.125
27.5
21.125
21.0
21.625
22.375
23.125
23.875
24.625
25.375
26.125
26.875
27.625
28.375
29.125
29.875
30.625
31.375
32.125
25.875
20.125
14.625
15.0
15.375
15.75
16.125
16.5
16.875
17.375
17.875
18.375
18.875
19.375
20.0
20.625
7.625
1.625
1.875
2.25
2.625
3.0
3.375
3.75
4.125
4.625
5.125
5.625
6.25
6.875
7.5
8.125
8.75
9.375
10.0
10.625
11.25
11.875
12.625
13.375
14.125
14.875
9.125
9.625
10.125
10.625
11.125
11.625
12.125
12.625
13.125
13.625
14.25
14.875
15.625
16.375
17.125
17.875
18.625
19.375
20.125
20.875
21.625
22.375
23.125
23.875
24.625
25.375
26.125
26.875
27.625
28.375
29.125
30.0
30.875
16.875
11.375
6.875
3.875
0.875
1.0
1.25
1.625
2.0
2.375
2.75
3.125
3.5
3.875
4.25
4.625
5.0
5.5
6.0
6.5
7.0
7.5
8.0
6.375
4.625
5.0
5.375
5.75
6.125
6.5
6.875
7.375
7.875
8.375
9.0
9.625
10.25
10.875
11.75
12.75
13.875
15.0
16.125
17.25
11.125
7.375
6.0
5.375
5.75
6.125
6.5
7.0
7.5
8.0
8.5
9.0
9.5
10.0
10.5
11.125
11.875
12.625
7.375
6.25
6.625
7.0
7.375
7.75
8.125
8.5
8.875
9.25
9.625
10.0
10.375
10.75
11.25
11.75
12.375
13.0
6.5
4.375
4.5
4.875
5.25
5.625
6.0
6.375
6.75
7.125
7.5
7.875
8.375
8.875
9.375
9.875
10.375
10.875
11.375
11.875
6.75
7.125
7.75
8.375
9.0
9.625
10.375
11.125
12.0
12.875
13.75
14.625
15.5
16.375
17.25
18.25
19.25
20.375
21.5
22.75
14.625
12.5
13.25
14.0
14.75
15.5
16.25
17.125
18.0
18.875
20.0
21.125
22.375
23.625
24.875
20.625
17.125
15.25
14.625
15.375
16.125
16.875
17.625
18.375
19.25
20.125
21.0
21.875
22.75
23.625
24.625
25.75
26.875
28.0
29.375
30.75
32.125
19.75
12.25
9.375
6.5
4.875
3.875
3.0
3.375
3.875
4.375
4.875
5.375
6.0
6.75
7.5
8.25
9.0
9.875
10.75
11.625
10.875
11.625
12.375
13.125
13.875
14.625
15.375
16.25
17.125
18.0
18.875
19.875
20.875
14.0
11.125
11.75
12.5
13.25
14.0
14.75
15.5
16.25
17.0
17.75
18.5
19.25
20.0
20.75
21.5
22.25
23.0
23.75
24.5
15.375
10.0
5.625
3.25
3.25
3.75
4.25
4.75
5.25
5.75
6.25
6.75
7.25
7.75
8.25
8.75
9.25
9.75
10.25
10.75
11.25
11.75
12.25
5.125
5.375
5.625
5.875
6.125
6.375
6.625
6.875
7.125
7.5
7.875
8.25
8.625
9.0
9.375
9.75
5.5
4.625
4.75
4.875
5.0
5.125
5.25
5.375
5.625
6.0
6.5
7.0
7.5
8.0
8.5
9.0
9.5
10.0
10.5
11.0
11.5
12.0
12.5
5.625
4.0
2.375
2.625
2.875
3.25
3.75
4.25
4.75
5.25
5.75
6.25
6.75
7.25
7.75
2.75
1.875
2.375
2.875
3.375
3.875
4.375
5.0
5.625
6.25
6.875
7.5
8.25
9.0
9.75
10.5
11.25
12.0
12.75
10.0
10.75
11.5
12.25
13.125
14.125
15.125
16.125
17.125
18.25
19.375
20.5
21.75
23.125
24.5
25.875
27.25
28.625
30.0
31.375
32.75
27.75
26.25
25.0
24.375
25.25
26.125
27.0
27.875
28.75
29.625
30.625
31.625
32.875
34.125
35.375
36.625
37.875
39.125
28.25
21.125
14.375
10.375
6.75
6.75
7.25
7.75
8.375
9.0
9.625
10.25
10.875
11.625
12.375
13.125
13.875
14.625
15.375
16.125
17.0
17.875
18.875
11.625
9.375
10.0
10.625
11.25
11.875
12.5
13.125
13.75
14.375
15.0
15.625
16.25
16.875
17.5
9.25
7.25
7.75
8.25
8.875
9.5
10.125
10.75
11.375
12.0
12.625
13.25
13.875
14.5
15.125
15.75
7.75
8.25
8.75
9.25
9.75
10.25
10.75
11.25
11.875
12.5
13.125
13.75
14.5
15.25
16.0
16.75
17.5
18.25
19.0
13.25
13.875
14.5
15.125
15.875
16.625
17.375
18.125
18.875
19.625
20.375
21.125
22.125
23.125
12.375
9.875
7.625
8.25
8.875
9.5
10.125
10.875
11.625
12.375
13.125
13.875
14.75
15.875
17.0
18.125
19.25
20.375
21.5
22.625
23.75
25.0
26.25
20.5
17.25
16.625
17.625
18.625
19.875
21.25
22.625
24.0
25.375
26.75
28.125
29.625
31.125
32.625
34.25
35.875
37.5
39.125
34.5
35.875
37.25
38.625
40.0
41.375
42.75
44.25
45.75
47.25
35.0
24.375
16.875
13.875
11.0
8.875
6.875
6.625
7.0
7.375
7.75
8.125
8.625
9.125
9.625
10.125
10.625
11.25
11.875
12.5
13.125
13.75
14.375
15.0
15.625
16.375
17.125
17.875
18.75
8.875
7.0
7.375
7.75
8.125
8.5
8.875
9.25
9.625
10.0
10.375
10.75
11.125
11.5
6.0
6.25
6.5
6.875
7.25
7.625
8.0
8.375
8.75
9.125
9.5
9.875
10.25
10.875
2.0
0.875
0.75
1.125
1.5
1.875
2.25
2.625
3.0
3.375
3.75
4.125
4.5
4.875
5.25
5.625
6.0
6.375
6.875
7.375
7.875
8.375
8.875
9.375
10.0
10.625
11.25
7.75
4.875
3.625
3.75
3.875
4.0
4.25
4.625
5.125
5.625
6.125
6.75
7.375
8.0
8.625
9.25
9.875
10.5
11.125
11.75
12.375
13.0
13.625
14.25
14.875
15.5
16.125
16.75
17.375
18.0
18.625
8.875
5.875
2.875
3.0
3.25
3.5
3.75
4.25
4.75
5.25
5.75
6.375
7.0
7.625
8.375
9.125
9.875
10.75
11.75
12.75
7.75
6.625
7.375
8.125
8.875
9.625
10.375
11.25
12.125
13.0
13.875
14.75
15.625
16.625
17.75
18.875
20.0
14.25
11.75
10.75
11.375
12.0
12.625
13.25
13.875
14.5
15.25
16.0
16.75
17.5
18.25
19.0
19.875
20.75
21.625
14.5
8.125
4.125
3.625
3.875
4.125
4.375
4.625
4.875
5.25
5.625
6.0
6.375
6.75
7.125
7.5
8.0
8.5
9.125
9.75
10.375
5.625
6.125
6.625
7.125
7.625
8.125
8.625
9.125
9.625
10.125
10.875
11.625
12.375
13.125
14.0
14.875
15.75
16.75
9.75
7.625
7.75
8.25
8.75
9.25
9.875
10.5
11.125
11.75
12.5
13.25
14.0
14.75
15.625
16.5
17.375
18.25
19.125
20.0
20.875
21.75
12.125
8.75
7.375
6.375
6.75
7.125
7.5
7.875
8.375
8.875
9.375
9.875
10.5
11.125
11.875
12.625
13.375
7.875
3.375
3.625
3.875
4.125
4.375
4.625
4.875
5.125
5.375
5.625
5.875
6.125
6.375
6.625
6.875
7.125
7.375
4.125
4.25
4.375
4.5
4.625
4.75
4.875
5.125
5.375
5.75
6.25
6.75
7.25
7.75
8.375
9.0
9.75
10.5
5.0
4.125
4.875
5.625
6.375
7.125
7.875
8.625
9.375
10.125
10.875
11.625
12.375
13.125
13.875
14.625
15.375
13.0
11.625
12.25
12.875
13.5
14.125
14.875
15.625
16.375
17.125
17.875
18.625
19.375
20.125
15.75
11.875
8.0
4.125
4.5
4.875
5.25
5.625
6.0
6.375
6.875
7.375
7.875
8.375
8.875
9.375
9.875
10.375
10.875
11.375
11.875
12.5
13.125
13.75
14.375
11.875
12.5
13.125
13.75
14.375
15.0
15.625
16.25
16.875
17.5
18.125
18.75
19.5
20.25
21.125
22.0
22.875
23.875
15.625
10.0
10.5
11.25
12.125
13.0
13.875
14.75
15.625
16.625
17.625
18.75
19.875
21.0
22.25
23.5
24.875
26.25
27.625
29.125
30.625
25.25
21.0
19.25
18.375
19.375
20.375
21.375
22.375
23.375
24.5
25.625
26.875
28.25
29.625
31.0
21.875
18.875
16.625
17.375
18.125
18.875
19.625
20.375
21.125
22.0
22.875
23.75
24.625
25.625
26.625
27.625
28.625
29.625
30.625
31.75
32.875
34.125
21.125
16.75
12.625
12.0
13.125
14.25
15.375
16.625
17.875
19.125
20.375
21.625
23.0
24.375
25.75
27.125
28.5
29.875
31.25
32.625
22.125
21.0
22.0
23.0
24.0
25.0
26.0
27.0
28.0
29.0
30.0
31.0
32.0
33.0
28.0
24.0
20.0
17.375
18.125
18.875
19.625
20.375
21.125
21.875
22.625
23.375
24.125
24.875
25.625
26.375
27.125
27.875
28.625
16.25
4.5
4.875
5.25
5.625
6.0
6.375
7.0
7.625
8.25
8.875
9.5
10.125
10.75
11.375
12.0
12.625
13.25
14.0
14.875
15.875
16.875
8.5
8.25
8.875
9.5
10.125
10.875
11.625
12.375
13.125
13.875
14.75
15.75
16.75
17.75
18.75
11.125
9.375
10.125
10.875
11.625
12.375
13.125
13.875
14.625
15.375
16.125
16.875
17.625
18.375
19.125
19.875
20.625
21.5
12.0
10.375
10.75
11.25
11.75
12.25
12.75
13.25
13.75
14.25
14.75
15.25
15.75
16.25
16.75
11.75
7.125
2.375
0.0
0.0
0.0
0.0
0.0
0.0
0.0
0.125
0.25
0.375
0.5
0.625
0.875
1.125
1.5
1.875
2.25
2.875
3.5
4.125
4.75
5.5
6.25
7.125
8.0
8.875
9.75
10.75
11.75
12.75
13.75
14.75
15.75
16.75
17.875
19.0
20.125
14.125
12.25
12.25
12.875
13.5
14.125
14.75
15.375
16.0
16.625
17.375
18.125
18.875
19.625
20.375
21.25
22.125
23.0
23.875
24.875
25.875
17.375
11.25
6.0
6.375
6.875
7.375
8.125
8.875
9.625
10.5
11.375
12.25
13.125
14.125
15.125
16.125
17.125
18.125
19.25
13.25
12.375
13.25
14.125
15.0
16.0
17.0
18.0
19.0
20.125
21.25
22.375
23.5
24.625
25.75
26.875
28.0
25.25
22.75
23.75
24.75
25.75
26.875
28.0
29.125
30.25
31.375
32.5
33.625
34.75
35.875
37.0
38.25
39.5
27.5
16.625
14.25
12.75
13.625
14.625
15.625
16.625
17.625
18.625
19.75
21.0
22.25
23.5
24.75
26.0
27.25
28.5
29.75
31.0
32.25
33.5
34.75
36.0
37.375
24.25
20.25
19.125
20.0
21.0
22.0
23.0
24.0
25.0
26.0
27.125
28.5
18.625
15.0
11.75
12.875
14.0
15.125
16.375
17.75
19.125
20.5
21.875
23.25
24.625
26.0
27.375
28.75
30.125
31.5
32.875
34.25
24.625
17.875
16.0
16.5
17.5
18.5
19.75
21.0
22.25
23.5
24.875
26.25
27.625
29.0
30.5
32.0
33.5
28.0
24.75
21.75
18.75
18.875
19.875
20.875
22.0
23.125
24.25
25.375
26.5
27.625
28.75
29.875
31.0
32.125
33.25
34.375
35.625
36.875
38.125
24.625
25.75
26.875
28.0
29.25
30.5
31.875
33.25
34.625
36.0
37.375
38.75
28.5
18.5
12.625
8.0
8.5
9.125
9.75
10.375
11.0
11.75
12.5
13.25
14.0
14.75
15.5
16.25
17.0
17.75
18.625
19.5
20.375
21.25
11.25
9.375
9.875
10.375
10.875
11.375
11.875
12.375
13.0
13.625
14.25
15.125
16.0
16.875
17.75
13.125
9.125
5.5
5.125
5.625
6.125
6.625
7.125
7.625
8.25
8.875
9.625
10.375
11.125
12.0
12.875
13.75
14.625
15.5
16.375
17.25
18.125
19.125
20.125
16.75
13.875
12.75
11.75
12.5
13.25
14.0
14.75
15.625
16.5
17.375
18.25
19.125
20.0
13.25
13.875
14.5
15.125
15.75
16.375
17.0
17.75
18.5
19.25
20.0
20.875
21.75
22.625
23.5
24.375
25.25
26.25
27.25
15.25
11.75
8.625
9.375
10.25
11.25
12.25
13.375
14.5
15.75
17.0
18.25
19.5
20.875
22.25
23.625
25.0
26.375
27.75
19.125
18.5
18.0
17.75
18.75
19.75
20.75
21.75
22.75
23.875
25.0
26.125
27.375
28.625
29.875
31.125
32.375
33.625
34.875
36.125
37.375
26.875
17.875
10.625
8.5
8.875
9.25
9.625
10.0
10.375
10.75
11.125
11.5
11.875
12.25
12.625
13.0
13.375
13.75
14.25
14.75
4.5
4.75
5.0
5.25
5.625
6.0
6.375
6.75
7.125
7.625
8.25
8.875
9.5
10.125
10.75
11.375
3.5
2.125
2.375
2.625
2.875
3.125
3.375
3.625
3.875
4.125
4.5
4.875
5.375
5.875
6.375
6.875
4.375
4.75
5.25
5.75
6.25
6.75
7.25
7.75
8.25
8.75
9.375
10.125
10.875
11.625
12.375
13.125
6.25
4.0
3.25
3.5
3.75
4.0
4.25
4.5
4.75
5.0
5.25
5.5
5.75
6.0
6.25
6.5
6.75
7.0
7.25
2.5
2.625
2.75
2.875
3.125
3.375
3.625
3.875
4.125
4.5
4.875
5.25
5.75
6.25
6.75
7.375
8.0
8.625
9.375
10.125
10.875
9.5
8.625
9.0
9.5
10.0
10.5
11.125
11.75
12.375
13.0
13.625
14.25
14.875
15.5
16.125
16.75
17.5
18.25
19.0
10.125
10.625
11.125
11.625
12.125
12.625
13.25
13.875
14.5
15.125
15.75
16.375
17.0
17.625
18.25
18.875
19.5
20.125
20.75
21.375
9.125
9.5
9.875
10.25
10.625
11.0
11.375
11.75
12.125
12.5
12.875
13.25
13.875
14.5
15.125
15.75
16.375
10.625
11.125
11.625
12.125
12.625
13.125
13.625
14.125
14.625
15.125
15.625
16.125
16.625
17.125
17.625
18.125
18.625
19.125
19.625
20.125
20.625
6.875
3.75
4.0
4.25
4.5
4.75
5.0
5.25
5.625
6.125
6.625
7.125
7.625
8.125
8.625
9.25
9.875
10.5
11.25
12.0
12.875
7.875
8.875
9.875
11.0
12.125
13.375
14.625
15.875
17.25
18.625
20.0
21.375
22.75
16.375
14.875
13.5
14.375
15.25
16.25
17.25
18.25
19.25
20.25
21.25
22.375
23.5
24.625
25.75
26.875
28.0
29.125
30.25
31.375
32.5
33.625
24.25
16.75
11.0
8.75
9.0
9.375
9.75
10.125
10.5
10.875
11.25
11.625
12.0
12.375
12.75
13.125
13.5
13.875
14.375
14.875
2.375
2.625
3.0
3.375
3.875
4.375
4.875
5.5
6.125
6.75
7.375
8.0
8.625
9.25
9.875
10.5
11.125
7.625
5.5
4.25
4.5
4.75
5.0
5.25
5.5
5.75
6.0
6.25
6.5
6.75
7.0
7.25
7.75
8.25
8.75
9.375
10.0
10.625
11.25
7.375
6.75
6.25
6.5
6.75
7.0
7.25
7.5
7.75
8.125
8.5
8.875
9.25
9.875
4.0
4.5
5.0
5.5
6.0
6.5
7.0
7.5
8.0
8.5
9.0
9.5
10.0
10.5
11.125
11.75
12.375
13.0
13.625
14.25
14.875
10.125
9.5
10.0
10.625
11.25
11.875
12.5
13.125
13.75
14.375
15.0
15.625
16.375
17.125
17.875
18.625
19.375
20.125
20.875
21.625
11.125
4.875
5.125
5.375
5.75
6.125
6.5
6.875
7.25
7.625
8.0
8.375
8.75
9.125
9.625
10.125
10.625
11.125
11.625
12.125
12.625
13.125
13.625
14.125
9.25
9.625
10.0
10.5
11.0
11.625
12.25
12.875
13.5
14.125
14.75
15.375
16.0
5.5
2.75
1.375
0.0
0.125
0.375
0.625
0.875
1.25
1.625
2.0
2.375
2.75
3.125
3.5
3.875
4.25
4.75
5.25
5.75
5.875
6.375
6.875
7.375
7.875
8.375
8.875
9.375
9.875
10.375
10.875
11.375
11.875
12.375
12.875
13.375
13.875
14.375
14.875
15.375
11.375
9.0
9.25
9.5
9.75
10.0
10.25
10.5
10.75
11.125
11.5
12.0
12.5
13.0
13.5
14.125
14.75
15.375
16.0
16.625
17.25
10.75
4.5
3.375
3.75
4.125
4.625
5.125
5.625
6.25
6.875
7.5
8.125
8.75
9.375
10.0
10.625
11.25
11.875
8.625
9.125
9.625
10.125
10.625
11.125
11.75
12.5
13.25
14.0
14.75
15.5
16.25
17.0
17.75
18.5
19.25
20.0
11.375
8.125
6.75
7.0
7.25
7.5
7.75
8.0
8.5
9.0
9.5
10.0
10.625
11.25
11.875
12.5
13.125
13.75
14.375
15.0
8.5
4.75
3.75
4.0
4.25
4.625
5.0
5.375
5.75
6.125
6.5
6.875
7.25
7.75
8.25
8.75
9.25
9.75
10.25
10.75
11.25
11.75
12.25
3.75
4.0
4.25
4.5
4.75
5.0
5.25
5.5
5.75
6.0
6.25
6.5
6.75
7.0
7.25
7.5
7.75
8.0
8.25
8.5
8.875
9.25
9.625
10.125
10.75
11.5
12.25
13.0
13.75
14.5
15.25
16.0
16.875
17.875
6.75
5.75
6.25
6.875
7.5
8.125
8.75
9.375
10.0
10.625
11.25
11.875
12.5
13.125
13.75
14.375
15.0
15.625
16.375
17.125
13.875
11.75
11.625
12.0
12.375
12.75
13.125
13.5
13.875
14.25
14.625
15.125
15.75
16.375
17.0
17.625
18.375
19.25
20.125
21.0
21.875
10.375
3.0
3.5
4.125
4.875
5.625
6.375
7.125
7.875
8.625
9.375
10.125
11.0
11.875
12.75
13.625
14.625
15.625
16.625
14.625
14.5
15.5
16.5
17.5
18.625
19.75
20.875
22.125
23.375
24.625
25.875
27.125
28.375
29.625
30.875
32.125
26.375
22.0
18.25
14.5
12.0
10.0
10.5
11.0
11.5
12.0
12.5
13.0
13.5
14.0
14.625
15.25
15.875
16.625
17.375
11.5
10.125
10.75
11.375
12.125
12.875
13.625
14.375
15.125
15.875
16.625
17.375
18.125
18.875
19.75
20.625
21.75
23.0
24.25
25.5
13.25
11.125
9.625
9.375
10.0
10.625
11.25
11.875
12.5
13.125
13.75
14.375
15.125
15.875
16.625
17.375
18.125
10.5
8.125
7.5
7.75
8.0
8.25
8.5
8.75
9.0
9.25
9.5
9.75
10.0
10.25
10.5
10.75
11.0
11.25
11.5
11.75
12.0
4.625
0.0
0.0
0.0
0.0
0.0
0.0
0.0
0.0
0.0
0.0
0.0
0.0
0.0
0.0
0.0
0.0
0.0
0.0
0.0
0.0
0.125
0.25
0.375
0.5
0.625
0.75
0.875
1.125
1.375
1.625
1.875
2.125
2.375
2.75
3.125
3.5
3.875
4.25
4.75
5.25
3.125
3.5
3.875
4.375
4.875
5.625
6.375
7.125
7.875
8.625
9.375
10.25
11.125
12.25
13.375
14.5
11.25
10.375
9.75
9.625
9.5
9.875
10.625
11.625
12.625
13.625
14.625
15.75
16.875
18.0
19.125
20.25
21.375
22.5
23.625
24.75
26.0
16.0
14.25
12.875
11.5
11.625
12.25
12.875
13.5
14.125
14.75
15.625
16.5
17.375
18.25
19.125
20.0
21.0
22.125
23.25
24.375
25.5
20.25
16.875
16.0
16.75
17.5
18.25
19.0
19.75
20.5
21.375
22.25
23.125
24.125
25.25
26.375
27.5
28.625
29.75
30.875
32.0
33.125
19.375
16.0
13.25
13.875
14.5
15.125
15.75
16.375
17.0
17.625
18.25
18.875
19.5
20.125
20.75
21.375
22.0
22.75
23.5
12.375
5.5
5.75
6.0
6.25
6.5
6.75
7.0
7.25
7.5
7.75
8.0
8.25
8.5
8.875
9.25
9.75
0.75
0.0
0.0
0.125
0.25
0.375
0.5
0.625
0.75
0.875
1.125
1.375
1.625
1.875
2.25
2.625
3.125
3.125
3.125
3.375
3.75
4.125
4.5
4.875
5.25
5.625
6.0
6.375
6.875
7.375
7.875
8.375
8.875
9.375
9.875
10.5
11.125
8.25
6.5
7.0
7.5
8.0
8.5
9.125
9.75
10.5
11.25
12.125
13.0
13.875
14.75
15.625
8.375
7.875
7.5
8.0
8.5
9.0
9.5
10.0
10.5
11.0
11.625
12.25
13.0
13.75
14.5
15.25
16.0
16.75
17.5
18.25
19.0
19.75
9.625
8.625
9.0
9.5
10.0
10.5
11.0
11.5
12.0
12.625
13.25
13.875
14.5
15.125
15.75
16.375
17.0
17.625
18.25
18.875
11.0
10.125
10.75
11.375
12.0
12.625
13.25
13.875
14.5
15.125
15.75
16.375
17.0
17.625
18.25
18.875
19.5
20.125
21.0
21.875
22.75
23.625
24.625
10.625
11.375
12.125
13.0
13.875
14.75
15.625
16.5
17.5
18.5
19.5
20.5
21.5
22.5
23.5
24.5
15.625
13.5
14.125
14.75
15.5
16.25
17.0
17.75
18.5
19.25
20.0
20.75
21.5
22.25
23.0
23.75
24.625
25.5
15.75
10.75
11.25
11.75
12.25
12.75
13.25
13.75
14.25
14.75
15.25
15.75
16.25
16.75
17.25
17.875
18.5
19.125
19.75
20.375
9.75
3.75
4.375
5.0
5.625
6.25
6.875
7.5
8.125
8.75
9.5
10.25
11.0
11.75
12.5
13.25
14.0
14.75
15.5
16.25
17.25
18.25
16.125
16.375
17.0
17.75
18.5
19.25
20.0
21.0
22.0
23.0
24.0
25.125
14.625
7.75
8.375
9.0
9.625
10.25
10.875
11.5
12.125
12.75
13.375
14.0
14.625
15.375
16.25
17.375
18.5
19.625
20.75
21.875
23.0
24.125
25.25
15.75
11.25
11.75
12.375
13.0
13.625
14.25
14.875
15.5
16.125
16.875
17.625
18.5
19.375
20.25
21.125
22.0
23.0
24.0
20.0
16.75
17.125
17.625
18.125
18.625
19.125
19.625
20.125
20.75
21.375
22.0
22.75
23.5
24.375
25.25
26.125
27.0
28.0
29.0
30.125
16.375
5.25
5.875
6.5
7.125
7.75
8.375
9.0
9.625
10.25
10.875
11.5
12.125
12.875
13.625
14.5
15.375
16.25
17.125
18.0
11.625
6.25
5.5
5.625
6.0
6.375
6.75
7.25
7.75
8.25
8.75
9.25
9.75
10.25
10.75
11.25
5.625
6.0
6.375
6.75
7.125
7.5
7.875
8.375
8.875
9.375
9.875
10.375
10.875
11.375
11.875
12.375
12.875
13.375
8.875
9.25
9.625
10.0
10.375
10.875
11.375
11.875
12.375
12.875
13.375
14.0
14.75
15.5
16.375
17.25
12.25
7.5
7.375
7.375
8.125
8.875
9.625
10.5
11.375
12.25
13.125
14.0
14.875
15.75
16.75
17.75
18.75
19.75
20.75
13.0
12.125
12.5
13.25
14.0
14.75
15.625
16.625
17.625
18.625
19.625
20.625
21.625
22.75
23.875
25.0
26.25
27.75
29.25
30.75
32.375
22.75
16.75
17.25
18.125
19.25
20.375
21.5
22.625
23.75
24.875
26.0
27.125
28.25
29.375
30.5
31.75
33.0
34.25
35.75
24.625
21.125
21.375
21.875
22.625
23.5
24.375
25.25
26.125
27.0
27.875
28.75
29.625
30.5
31.5
32.625
33.75
34.875
36.125
37.5
38.875
40.25
28.5
23.75
19.25
14.625
12.25
12.0
12.75
13.625
14.5
15.5
16.5
17.5
18.5
19.5
20.5
21.5
22.5
23.875
15.125
13.125
14.625
16.375
18.125
19.875
21.625
23.375
25.125
26.875
28.75
30.625
32.5
34.375
36.375
38.5
31.875
25.5
22.625
19.875
20.375
21.625
22.875
24.125
25.375
26.625
28.0
29.375
30.75
32.125
33.625
35.125
26.75
23.625
24.875
26.125
27.5
28.875
30.25
31.625
33.0
34.375
35.75
37.375
39.0
30.375
22.625
16.125
11.875
12.75
13.875
15.0
16.25
17.5
18.75
20.0
21.25
22.5
23.75
25.0
26.25
27.5
28.75
30.125
31.5
32.875
34.375
35.875
37.375
39.0
28.0
23.5
24.75
26.125
27.5
29.125
30.75
32.375
34.125
36.0
37.875
39.875
42.0
44.125
46.25
48.5
50.75
41.25
35.5
32.125
30.75
31.5
33.0
34.5
36.0
37.5
39.0
40.625
42.375
44.125
46.0
33.875
24.75
18.875
16.0
16.375
16.625
17.5
18.375
19.25
20.125
21.0
21.875
22.75
23.625
24.5
25.375
26.375
27.375
28.375
29.5
30.625
31.75
32.875
34.0
35.25
36.5
37.75
26.25
21.25
20.375
20.375
21.125
21.875
22.75
23.625
24.5
25.5
26.5
27.5
17.25
9.0
8.25
9.0
9.75
10.625
11.5
12.375
13.25
14.125
15.0
15.875
16.75
17.625
18.625
19.625
20.625
21.75
15.125
12.875
11.75
11.5
12.125
12.75
13.375
14.0
14.625
15.25
15.875
16.5
17.125
17.75
18.375
19.0
15.375
11.75
9.75
10.125
10.5
10.875
11.375
11.875
12.375
12.875
13.375
13.875
14.375
14.875
15.625
16.375
17.125
17.875
18.75
19.75
20.75
22.0
23.25
14.625
8.375
8.75
9.625
10.625
11.625
12.625
13.625
14.625
15.625
16.625
17.625
18.625
19.625
20.75
22.125
15.625
13.5
12.5
13.125
14.375
15.625
16.875
18.25
19.625
21.125
22.625
24.125
25.625
27.25
28.875
30.625
32.375
34.25
26.625
19.375
17.375
16.125
16.5
17.5
18.625
19.75
20.875
22.0
23.375
24.75
26.125
27.5
29.0
30.5
32.125
33.875
35.625
37.5
30.5
27.625
27.0
27.75
29.0
30.25
31.625
33.125
34.625
36.125
37.625
39.125
40.625
42.125
43.625
45.125
33.125
23.375
17.5
12.375
10.25
11.0
11.75
12.5
13.25
14.0
14.75
15.5
16.25
17.125
18.125
19.125
20.125
21.125
22.125
23.125
24.125
25.125
26.125
27.125
28.25
17.125
10.25
4.375
4.25
4.625
5.0
5.5
6.0
6.625
7.25
8.25
9.25
10.25
6.375
7.25
8.125
9.25
10.375
11.5
12.625
13.75
14.875
16.0
17.125
18.25
19.375
20.5
14.375
13.0
14.0
15.0
16.0
17.0
18.0
19.0
20.0
21.0
22.0
23.0
24.0
25.125
26.25
27.375
19.5
13.125
13.75
14.5
15.25
16.0
16.75
17.5
18.25
19.0
19.75
20.5
21.25
22.0
22.75
23.5
24.25
25.0
25.875
26.75
14.875
6.25
3.375
3.75
4.125
4.5
5.0
5.5
6.0
6.5
7.0
7.5
8.125
9.0
9.875
10.75
11.625
12.5
13.375
14.25
14.25
15.125
16.0
16.875
17.75
18.625
19.5
20.375
21.25
22.125
23.0
23.875
24.75
25.625
26.5
27.375
28.25
17.625
9.0
6.0
6.25
6.5
6.75
7.0
7.25
7.5
7.875
8.375
9.0
9.75
10.625
11.5
12.375
13.375
14.375
15.375
16.5
17.625
18.75
19.875
21.0
22.125
23.25
24.375
18.875
14.25
12.875
11.5
10.75
11.625
12.5
13.375
14.25
15.125
16.0
17.0
18.0
19.0
12.0
12.75
13.5
14.25
15.0
15.875
16.875
18.0
19.125
20.25
21.375
22.5
23.625
24.75
25.875
27.0
28.125
18.375
19.5
20.75
22.0
23.25
24.625
26.125
27.625
29.125
30.625
32.25
33.875
35.625
37.5
39.375
41.25
43.125
45.0
46.875
36.375
32.25
31.25
30.5
31.875
33.25
34.625
36.0
37.375
38.875
40.375
41.875
43.375
45.0
46.625
48.25
37.0
27.75
18.875
12.875
12.625
13.25
13.875
14.5
15.125
15.75
16.375
17.0
17.75
18.5
19.375
20.25
21.125
22.0
22.875
23.75
24.625
25.625
26.75
28.0
20.375
15.375
16.25
17.125
18.0
18.875
19.75
20.75
21.75
23.0
24.25
25.625
27.25
29.0
30.75
19.875
15.5
13.25
13.375
13.625
14.75
16.0
17.375
18.75
20.125
21.5
22.875
24.375
17.125
12.875
11.875
12.75
13.625
14.5
15.375
16.375
17.375
18.375
19.375
20.375
21.375
22.5
23.75
25.0
26.25
27.5
29.0
30.5
32.0
23.875
17.0
13.5
12.75
12.5
13.25
14.0
14.75
15.5
16.25
17.0
17.75
18.5
19.25
20.125
21.0
21.875
22.75
23.75
24.75
18.25
18.125
18.625
19.25
19.875
20.625
21.5
22.5
23.5
24.5
25.625
26.75
27.875
29.0
30.125
31.25
18.625
9.75
6.0
6.5
7.0
7.5
8.0
8.5
9.0
9.5
10.0
10.5
11.0
11.5
12.0
12.5
13.125
13.875
14.375
15.0
15.625
16.375
17.125
17.875
18.75
19.625
20.5
21.375
22.25
23.125
24.0
24.875
25.75
26.625
16.25
11.375
6.625
7.125
7.625
8.125
8.75
9.375
10.0
10.625
11.25
12.0
12.75
13.5
14.375
15.375
16.375
17.375
18.375
19.375
20.375
21.375
22.375
23.375
24.375
25.375
21.875
21.25
22.125
23.0
23.875
24.875
25.875
26.875
27.875
28.875
29.875
30.875
31.875
32.875
33.875
34.875
21.25
19.75
18.625
19.25
19.875
20.75
21.625
22.5
23.5
24.5
25.5
26.5
27.5
28.5
29.5
30.625
31.75
32.875
34.125
35.5
22.5
10.125
8.75
8.875
9.5
10.125
10.75
11.375
12.0
12.75
13.625
14.5
15.375
16.25
17.125
18.0
19.0
20.125
21.25
22.375
23.625
25.0
26.5
28.0
29.5
31.0
24.75
20.75
22.125
23.5
24.875
26.25
27.75
29.375
31.125
33.25
35.375
37.625
28.0
23.25
20.875
18.75
18.25
18.375
19.5
20.75
22.0
23.25
24.75
26.25
27.875
29.5
31.125
32.75
34.375
36.25
38.25
40.25
31.625
28.5
25.25
24.25
23.75
23.375
23.375
24.625
25.875
27.125
28.375
29.75
31.125
32.5
33.875
35.25
36.75
38.25
39.75
29.75
22.375
17.625
15.25
13.625
14.25
14.875
15.625
16.375
17.125
17.875
18.75
19.625
20.5
21.375
22.25
23.125
24.125
25.125
26.125
27.125
28.125
29.25
30.375
31.5
32.625
33.75
22.875
16.5
17.375
18.25
19.125
20.0
21.0
22.125
23.25
24.5
25.75
27.0
28.25
29.625
24.5
22.125
20.25
18.75
20.0
21.25
22.75
24.375
26.0
27.625
29.25
30.875
32.625
34.5
36.375
38.25
40.125
31.0
26.0
24.125
23.125
22.75
24.0
25.5
27.0
28.625
30.25
31.875
33.625
35.375
37.125
38.875
40.75
42.625
44.5
46.375
37.625
32.25
27.25
25.0
23.625
22.125
22.875
24.125
25.375
26.625
28.0
29.375
30.875
32.375
33.875
35.375
36.875
38.375
39.875
41.5
43.25
45.0
46.75
48.5
50.375
37.625
28.25
23.5
22.375
24.0
25.625
27.25
28.875
30.625
32.375
34.125
35.875
37.75
39.625
41.5
32.0
26.625
25.375
26.875
28.375
30.0
31.875
33.75
35.75
37.75
39.75
41.75
43.75
46.0
48.25
40.25
32.625
25.0
21.0
18.375
16.25
16.25
17.375
18.5
19.625
20.75
21.875
23.125
24.375
25.625
21.75
18.5
15.875
15.375
15.125
16.375
17.625
18.875
20.125
21.375
22.625
23.875
25.125
26.375
27.625
28.875
30.25
31.625
33.0
34.375
35.75
37.125
38.5
39.875
34.0
35.375
36.75
38.125
39.75
41.5
43.25
45.0
46.75
48.5
50.25
39.375
30.875
27.625
27.5
28.625
30.0
31.375
32.75
34.125
35.5
37.0
38.5
40.0
41.5
43.0
44.625
46.25
47.875
49.5
51.125
52.75
54.375
56.125
42.75
29.25
20.375
17.25
18.25
19.25
20.375
21.5
22.625
23.75
24.875
26.0
27.125
28.25
29.375
30.5
31.625
32.75
34.0
24.25
17.625
14.125
15.0
15.875
16.75
17.625
18.5
19.375
20.375
21.375
22.5
23.625
24.75
25.875
27.0
28.125
29.25
30.375
31.625
32.875
34.125
35.375
36.75
38.125
26.25
17.875
16.125
17.25
18.375
19.625
20.875
22.125
23.375
24.75
26.25
27.75
29.25
30.875
32.625
25.125
20.75
20.0
21.25
22.625
24.125
25.625
27.125
28.75
30.5
32.25
34.0
35.75
37.5
39.25
41.0
42.75
44.5
32.5
28.5
25.75
24.75
25.75
26.75
27.75
28.75
29.75
30.75
31.875
33.0
34.125
35.25
36.375
37.5
38.625
39.75
40.875
42.0
30.0
21.5
22.25
23.25
24.375
25.625
26.875
28.125
29.375
30.75
32.125
33.5
34.875
36.375
38.125
39.875
41.625
43.375
45.125
47.0
49.0
36.0
30.125
24.625
23.25
21.875
20.5
19.0
18.625
20.125
21.75
23.375
25.125
26.875
28.75
30.625
32.5
34.375
36.375
38.375
30.75
26.375
24.25
22.75
21.875
23.25
24.625
26.0
27.375
28.75
30.125
31.5
32.875
34.25
35.625
37.0
38.375
28.875
22.75
20.0
17.5
18.375
19.25
20.125
21.0
21.875
22.875
24.0
25.125
26.25
27.375
28.625
30.0
31.375
19.875
19.25
19.0
20.0
21.0
22.0
23.0
24.125
25.25
26.375
27.625
29.0
30.5
32.0
33.5
35.0
36.5
38.0
39.5
41.0
42.5
44.0
33.5
27.75
22.125
21.5
22.875
24.25
25.625
27.0
28.375
29.75
31.125
32.5
33.875
35.25
36.625
38.0
39.375
40.75
42.125
43.625
34.875
36.25
37.625
39.0
40.5
42.0
43.5
45.0
46.5
48.0
49.5
51.125
52.75
54.5
56.25
58.0
59.75
45.875
33.375
23.75
17.75
15.375
15.25
16.25
17.25
18.25
19.375
20.5
21.625
22.75
23.875
25.0
26.125
27.25
28.375
29.75
31.125
32.625
22.5
16.75
18.0
19.25
20.5
21.75
23.0
24.25
25.5
26.75
28.0
29.25
30.5
31.75
33.0
26.875
22.5
23.375
24.25
25.125
26.0
26.875
27.75
28.625
29.5
30.375
31.375
32.375
33.375
34.375
35.375
30.0
24.625
19.125
13.625
9.375
9.875
10.5
11.125
11.75
12.375
13.125
13.875
14.625
15.375
16.25
17.125
18.0
18.875
19.75
20.75
21.75
22.875
24.0
25.25
26.75
20.75
21.875
23.25
24.625
26.0
27.375
28.75
30.125
31.625
33.125
34.625
36.25
37.875
39.5
41.125
42.75
31.25
25.25
21.5
19.25
17.375
18.25
19.125
20.0
20.875
21.75
22.625
23.5
24.375
25.25
26.125
27.0
27.875
28.75
29.75
30.75
31.875
33.0
34.375
22.5
15.375
15.25
15.375
15.5
16.25
17.0
17.875
19.0
20.25
21.5
22.875
24.25
17.625
12.375
8.125
9.0
10.125
11.25
12.375
13.5
14.625
15.75
16.875
18.0
19.25
20.5
21.75
23.125
24.5
25.875
27.25
28.625
22.25
22.25
23.375
24.5
25.625
26.75
27.875
29.125
30.375
31.625
32.875
34.125
35.375
36.625
37.875
28.5
24.375
21.375
19.625
20.75
21.875
23.0
24.25
25.5
26.75
28.0
29.25
30.5
31.875
33.25
34.75
36.25
37.75
39.25
40.75
42.375
44.125
33.75
28.125
22.5
21.125
19.75
18.375
20.25
22.125
24.0
25.875
27.75
29.625
31.5
33.375
35.25
37.125
39.0
41.0
34.625
29.125
28.375
27.75
28.25
29.375
30.5
31.625
32.875
34.125
35.5
36.875
38.25
39.625
41.0
42.5
44.0
35.0
26.625
22.0
18.125
18.875
19.625
20.375
21.125
21.875
22.625
23.375
24.125
24.875
25.625
26.375
27.125
27.875
15.0
9.375
6.375
6.625
6.875
7.125
7.375
7.625
7.875
8.125
8.5
8.875
9.375
10.0
10.625
11.25
11.875
12.5
13.125
13.75
14.375
15.0
15.625
16.25
9.0
7.5
7.875
8.25
8.625
9.125
9.75
10.5
11.25
12.0
12.75
13.5
14.375
8.0
7.5
7.0
7.5
8.125
8.75
9.375
10.125
10.875
11.75
12.75
13.75
14.75
15.75
16.875
18.0
19.25
20.625
22.125
23.625
17.375
13.5
10.0
10.875
11.75
12.625
13.5
14.375
15.25
16.25
17.25
18.25
19.25
20.25
21.375
22.625
23.875
25.125
26.375
27.625
20.875
19.5
19.375
20.125
20.875
21.625
22.375
23.125
23.875
24.625
25.375
26.125
26.875
27.625
28.375
29.125
30.125
31.125
32.25
21.375
15.875
10.375
7.625
8.375
9.125
9.875
10.625
11.375
12.125
12.875
13.625
14.5
15.375
16.25
17.125
18.0
18.875
19.75
20.625
21.75
15.125
12.375
9.875
9.75
10.25
10.75
11.25
11.875
12.5
13.125
13.875
14.75
15.625
16.75
17.875
19.0
10.375
8.75
8.75
9.5
10.25
11.0
11.75
12.5
13.25
14.0
14.875
15.75
16.625
17.5
18.375
19.25
20.25
14.375
13.25
14.0
14.75
15.5
16.25
17.125
18.125
19.125
20.25
21.375
22.5
23.625
24.75
16.0
9.625
9.5
10.375
11.25
12.125
13.0
13.875
14.75
15.625
16.625
17.625
18.625
19.625
20.625
21.625
22.625
23.625
24.75
25.875
27.0
21.5
17.75
18.875
20.0
21.125
22.25
23.5
24.75
26.125
27.625
29.125
30.625
32.125
33.625
35.25
36.875
38.625
40.375
42.25
44.125
34.75
25.25
19.875
17.75
18.875
20.0
21.125
22.25
23.375
24.625
25.875
27.25
28.875
30.5
32.125
33.75
35.625
27.375
23.875
21.5
21.25
21.125
22.125
23.125
24.25
25.375
26.5
27.625
28.75
29.875
31.125
32.375
33.75
35.25
36.75
38.25
39.875
41.5
43.25
45.0
38.0
32.125
26.625
21.0
18.5
16.875
18.0
19.125
20.375
21.625
22.875
24.125
25.375
26.625
28.0
29.375
20.125
16.25
16.125
17.25
18.375
19.5
20.625
21.75
22.875
24.0
25.125
26.375
27.625
29.0
30.375
31.875
33.5
23.0
15.75
13.875
14.75
15.625
16.5
17.375
18.375
19.5
20.625
21.875
23.125
24.375
25.75
21.875
23.125
24.375
25.625
27.125
28.75
30.5
32.25
34.0
35.75
28.125
20.5
14.0
13.25
13.375
14.5
15.75
17.125
18.625
20.25
21.875
23.5
25.125
26.75
28.375
30.0
31.625
33.25
35.0
36.75
38.5
40.25
42.0
43.875
45.875
48.0
38.125
31.75
26.375
23.75
25.125
26.5
27.875
29.25
30.75
32.375
34.0
35.625
37.25
38.875
40.5
42.125
43.75
45.375
47.0
36.875
31.75
28.0
26.125
25.375
26.375
27.5
28.75
30.0
31.5
33.0
34.625
36.375
38.125
31.75
26.375
22.875
19.375
15.875
16.875
17.875
19.0
20.125
21.25
22.5
23.75
25.0
26.25
27.625
29.0
30.375
31.875
33.375
34.875
36.375
37.875
39.625
41.375
43.25
36.25
31.375
28.125
25.375
26.75
28.25
29.75
31.25
32.75
34.5
36.25
38.0
39.75
41.5
43.25
45.0
37.5
30.375
28.625
28.25
29.125
30.125
31.125
32.125
33.125
34.125
35.125
36.25
37.5
39.125
40.875
42.625
44.375
46.25
32.75
23.875
19.75
20.375
20.875
21.875
23.25
24.75
26.25
27.875
29.5
31.125
32.75
34.375
36.25
38.125
40.0
42.0
44.25
36.25
28.125
25.875
24.0
25.5
27.0
28.5
30.0
31.5
33.25
35.125
37.0
38.875
40.75
42.875
45.0
47.125
49.375
51.75
54.125
49.125
45.5
42.625
39.75
38.125
36.625
38.125
39.875
41.75
43.625
45.5
47.5
49.5
51.5
53.5
55.5
57.625
59.75
62.0
49.625
40.375
35.5
35.25
35.125
36.5
37.875
39.25
40.75
42.25
43.75
45.25
46.875
48.625
50.375
52.125
54.0
55.875
43.75
33.375
28.625
24.125
20.5
20.5
20.5
21.875
23.25
24.625
26.125
27.625
29.25
30.875
32.625
34.375
26.875
24.375
24.0
24.25
24.75
26.375
28.125
29.875
31.625
33.5
35.375
37.25
39.125
41.0
42.875
45.0
47.25
49.5
51.75
54.0
56.375
58.75
49.25
43.5
39.0
36.375
35.625
35.0
36.625
38.25
39.875
41.625
43.375
45.125
46.875
48.625
50.375
52.125
53.875
55.625
49.25
44.125
42.125
41.125
42.375
43.625
44.875
46.125
47.375
48.75
50.125
51.625
53.25
54.875
56.5
58.25
60.125
47.75
36.5
30.25
24.25
18.125
13.125
12.25
12.875
13.625
14.375
15.125
15.875
16.625
17.375
18.125
19.125
20.125
15.0
12.5
12.75
13.5
14.375
15.25
16.25
17.375
18.625
20.0
21.375
22.875
24.375
25.875
27.375
28.875
30.375
31.875
33.375
34.875
36.5
27.25
20.875
17.25
15.625
16.5
17.5
18.625
19.75
20.875
22.0
23.125
24.25
25.5
26.75
28.0
29.25
30.5
31.875
25.875
22.875
19.875
17.0
17.375
18.125
19.25
20.375
21.5
22.625
24.0
25.375
26.75
28.125
29.625
31.125
32.875
34.75
36.75
27.875
25.0
24.5
23.875
25.375
26.875
28.5
30.125
31.75
33.5
35.25
37.125
39.0
40.875
42.75
44.875
47.0
49.25
51.5
53.75
41.75
33.25
27.625
24.375
24.375
25.625
26.875
28.25
29.625
31.125
32.625
34.125
35.625
37.125
38.625
40.125
41.625
43.125
44.625
46.125
47.75
49.375
44.625
40.125
35.625
32.5
29.375
29.75
31.0
32.25
33.5
34.75
36.0
37.25
38.625
40.25
29.5
21.625
15.75
10.875
6.75
3.25
2.875
3.5
4.125
4.75
5.375
6.0
6.625
7.25
7.875
8.5
9.375
10.25
11.125
12.0
12.875
13.75
14.875
16.0
17.125
18.25
19.375
20.5
21.625
22.75
23.875
18.75
17.625
17.125
17.625
18.375
19.125
19.875
20.75
21.75
22.75
23.75
24.75
25.75
26.75
27.75
28.75
29.75
30.75
31.75
32.75
33.75
26.125
20.0
14.0
12.375
12.5
12.875
13.375
14.0
14.625
15.375
16.125
17.0
17.875
18.75
19.625
20.5
8.875
9.5
10.125
10.75
11.375
12.125
13.0
13.875
14.75
15.625
16.5
17.375
18.25
19.25
20.25
21.375
22.625
23.875
25.25
26.625
20.625
19.875
20.0
20.125
20.25
21.375
22.5
23.625
24.75
25.875
27.25
28.625
30.125
31.625
33.125
34.75
36.375
27.875
23.375
19.0
18.25
18.5
19.375
20.25
21.5
22.75
24.0
25.25
26.5
27.75
29.0
30.25
31.5
32.75
34.125
35.5
37.125
38.75
40.375
29.125
26.0
27.125
28.25
29.375
30.5
31.625
32.75
33.875
35.0
36.125
37.375
38.625
40.0
28.625
20.25
21.125
22.125
23.125
24.25
25.375
26.5
27.625
28.875
30.125
31.375
32.75
34.125
35.5
37.0
38.5
40.25
42.0
43.75
45.5
38.875
32.5
26.875
22.875
21.625
22.625
24.0
25.375
26.75
28.125
29.5
31.0
32.5
34.0
35.625
37.25
39.0
33.5
29.625
25.75
21.875
18.875
16.0
13.5
11.5
12.375
13.5
14.625
15.75
16.875
18.0
19.125
20.25
21.375
22.5
23.625
24.75
25.875
27.125
28.375
29.625
30.875
32.125
33.375
25.5
23.375
23.25
23.75
24.625
25.5
26.375
27.25
28.125
29.125
30.125
18.125
15.0
15.625
16.375
17.125
17.875
18.75
19.625
20.5
21.375
22.375
23.5
24.625
25.75
26.875
28.0
29.125
30.25
31.375
18.875
9.875
7.75
7.875
8.375
8.875
9.375
9.875
10.375
10.875
11.375
11.875
12.375
12.875
13.5
14.125
14.75
11.125
9.625
10.0
10.375
10.75
11.125
11.5
11.875
12.25
12.625
13.0
13.375
13.75
14.125
14.5
14.875
15.25
15.625
16.0
16.5
17.0
17.75
4.25
4.125
4.125
4.5
4.875
5.25
5.75
6.375
7.0
7.625
8.25
8.875
9.5
10.25
11.25
12.25
13.375
14.625
15.875
17.125
18.5
20.0
21.5
23.0
24.625
26.25
27.875
29.5
31.125
32.75
34.5
36.375
38.25
40.25
42.375
44.5
34.5
27.625
22.125
20.375
21.875
23.375
24.875
26.375
27.875
29.375
30.875
32.375
33.875
35.375
37.0
38.625
40.375
42.125
43.875
45.875
47.875
49.875
43.125
36.5
32.125
32.375
32.875
33.875
35.125
36.5
37.875
39.25
40.625
42.0
43.375
44.75
46.125
47.5
49.125
50.875
52.75
54.625
56.5
42.875
29.5
20.625
15.25
15.125
16.25
17.5
18.75
20.0
21.25
22.5
23.75
25.0
26.25
27.5
28.75
30.125
31.5
33.0
34.625
26.25
24.625
26.25
27.875
29.5
31.125
32.75
34.375
36.0
37.625
39.25
40.875
42.5
44.125
34.0
26.25
22.875
19.875
18.625
19.375
20.125
20.875
21.75
22.75
23.75
24.875
26.125
27.375
22.625
18.25
15.25
12.5
13.5
14.5
15.5
16.5
17.5
18.5
19.5
20.5
21.5
22.5
23.5
24.5
25.5
26.625
27.75
28.875
30.0
31.125
22.125
13.375
10.0
7.75
8.125
8.5
8.875
9.25
9.625
10.0
10.375
10.75
11.125
11.625
12.25
13.0
13.875
14.875
16.0
11.25
11.25
11.125
10.875
11.5
12.125
12.75
13.375
14.0
14.625
15.25
15.875
16.625
17.375
18.125
19.0
19.875
8.625
8.625
8.875
9.625
10.375
11.125
11.875
12.625
13.375
14.125
14.875
15.625
16.375
17.25
18.125
19.0
19.875
20.75
21.625
12.625
8.375
8.875
9.375
9.875
10.375
11.0
11.625
12.375
13.125
13.875
14.75
15.625
16.625
17.625
18.625
19.75
21.0
22.25
23.5
18.125
12.625
9.875
10.625
11.375
12.125
13.0
13.875
14.875
16.0
17.125
18.25
19.375
20.5
21.625
22.875
24.125
25.375
16.0
10.625
11.375
12.125
12.875
13.625
14.375
15.125
15.875
16.625
17.375
18.125
18.875
19.625
20.375
21.125
21.875
22.75
23.75
15.875
11.875
12.625
13.5
14.5
15.5
16.75
18.0
19.25
20.5
21.75
23.0
24.25
25.5
26.75
28.0
29.25
30.5
19.625
12.625
8.125
6.375
4.875
5.375
6.125
6.875
7.75
8.625
9.5
10.375
11.25
12.125
13.125
14.125
15.125
16.125
17.125
18.125
19.125
20.125
21.125
22.125
23.125
24.125
25.125
26.25
25.625
26.75
28.0
29.25
30.5
31.75
33.125
34.625
36.125
37.625
32.375
27.25
27.125
28.25
29.5
30.75
32.0
33.25
34.625
36.0
37.5
39.125
40.75
42.5
44.25
46.0
47.75
49.625
51.5
53.375
41.5
29.75
22.375
17.5
16.75
16.0
16.75
17.625
18.625
19.625
20.75
21.875
23.0
24.125
25.25
26.5
27.75
17.75
13.75
14.875
16.0
17.125
18.375
19.625
21.0
22.375
23.75
25.125
26.5
27.875
29.25
30.625
32.0
33.5
25.0
21.875
23.0
24.125
25.25
26.375
27.5
28.625
29.75
30.875
32.0
33.125
34.25
35.375
36.5
37.625
38.875
33.875
29.375
24.875
25.75
26.625
27.5
28.375
29.375
30.375
31.5
32.625
33.75
34.875
36.0
37.125
38.25
39.375
40.5
41.625
42.75
43.875
45.0
46.125
32.5
19.375
13.375
8.25
8.625
9.0
9.375
9.875
10.375
10.875
11.375
11.875
12.5
13.125
13.75
14.375
15.0
15.625
12.25
11.25
11.75
12.25
12.75
13.25
13.75
14.25
14.75
15.375
16.0
16.625
17.25
17.875
18.625
19.375
20.125
20.875
21.625
22.5
8.75
9.125
9.875
10.625
11.375
12.125
12.875
13.625
14.5
15.375
16.375
17.375
18.375
19.375
20.375
21.375
22.5
18.125
15.375
16.25
17.125
18.0
18.875
19.75
20.625
21.5
22.375
23.25
24.125
25.0
25.875
26.75
27.625
28.5
29.375
30.25
31.125
19.25
16.25
16.75
17.25
17.75
18.625
19.5
20.375
21.25
22.125
23.0
23.875
24.75
25.75
26.75
27.75
28.875
30.0
31.125
19.0
7.625
4.0
4.5
5.0
5.5
6.0
6.5
7.0
7.5
8.0
8.5
9.0
9.5
10.0
10.5
11.125
11.875
12.625
13.375
14.125
14.875
15.625
16.375
17.125
17.875
18.75
14.375
10.75
7.25
7.125
7.5
8.0
8.625
9.25
9.875
10.5
11.125
11.75
12.5
13.25
14.0
8.375
9.0
9.625
10.25
10.875
11.5
12.25
13.0
13.75
14.5
15.25
16.0
16.75
17.625
18.5
19.375
14.875
10.25
10.875
11.5
12.125
12.75
13.375
14.0
14.625
15.25
15.875
16.5
17.125
17.75
18.375
19.0
19.625
20.25
11.125
11.625
12.25
12.875
13.625
14.375
15.125
15.875
16.625
17.375
18.125
18.875
19.75
20.625
21.5
22.375
23.25
24.125
25.125
26.125
17.375
10.75
5.875
6.375
6.875
7.375
8.0
8.625
9.375
10.125
10.875
11.75
12.625
13.5
14.625
15.75
16.875
18.0
19.125
20.25
15.875
16.75
17.625
18.5
19.375
20.25
21.125
22.0
22.875
23.75
24.625
25.5
26.625
27.75
28.875
30.0
31.25
21.625
14.875
15.875
17.125
18.375
19.625
20.875
22.125
23.5
24.875
26.25
27.625
29.0
30.375
31.75
33.125
34.75
36.375
38.0
26.125
19.375
15.5
15.75
16.75
17.75
18.75
19.75
20.75
21.75
22.75
23.75
24.875
26.0
27.25
28.5
29.75
31.0
32.25
33.5
34.875
36.25
37.625
27.625
20.875
16.625
16.375
17.125
18.0
19.0
20.0
21.125
22.25
23.375
24.5
25.625
26.875
28.125
15.125
11.25
12.0
12.875
13.75
14.625
15.5
16.375
17.25
18.125
19.0
19.875
20.75
21.625
22.5
23.5
24.5
25.5
15.875
9.5
4.125
4.625
5.25
5.875
6.5
7.125
7.75
8.5
9.25
10.0
10.75
11.5
12.375
6.75
6.375
6.875
7.625
8.375
9.125
9.875
10.625
11.375
12.125
12.875
13.625
14.375
15.125
15.875
16.625
17.375
18.125
19.0
19.875
16.25
12.625
10.25
8.125
8.5
8.875
9.25
9.75
10.25
10.875
11.5
12.125
12.75
13.375
14.0
14.625
15.375
16.125
8.875
4.875
5.5
6.125
6.75
7.5
8.25
9.0
9.75
10.5
11.25
12.0
12.75
13.5
14.375
15.5
16.625
17.75
18.875
13.25
12.75
13.5
14.25
15.125
16.0
16.875
17.75
18.625
19.625
20.625
21.625
22.625
23.75
24.875
26.0
27.125
28.375
19.0
12.375
10.375
9.5
10.125
10.75
11.375
12.125
12.875
13.625
14.375
15.125
16.0
16.875
17.75
18.625
19.5
20.375
21.25
22.125
23.0
23.875
24.75
25.625
26.5
27.375
16.625
13.25
13.875
14.5
15.125
15.75
16.375
17.0
17.75
18.625
19.5
20.375
21.25
22.25
12.75
8.25
8.75
9.25
9.75
10.25
10.875
11.75
12.75
13.75
14.75
15.875
17.0
18.125
19.25
20.375
21.625
13.5
9.0
9.625
10.375
11.125
12.0
12.875
13.75
14.625
15.5
16.375
17.375
18.375
19.375
20.375
21.375
22.375
14.75
9.5
8.875
9.375
9.875
10.375
10.875
11.375
11.875
12.375
13.0
13.625
14.375
15.125
15.875
16.625
17.5
18.375
19.25
20.25
21.375
22.5
23.875
25.0
26.375
15.0
10.625
9.875
10.5
11.125
11.875
12.75
13.625
14.5
15.375
16.25
17.125
18.0
18.875
19.75
20.625
16.625
13.25
13.875
14.625
15.375
16.25
17.125
18.0
18.875
19.75
20.75
21.75
22.75
23.75
24.875
26.0
21.5
17.25
13.25
10.25
11.0
11.75
12.5
13.25
14.0
14.75
15.625
16.5
17.375
18.375
19.5
20.625
21.75
22.875
24.0
15.375
16.125
17.0
17.875
18.75
19.75
20.875
22.0
23.125
24.25
25.375
26.5
27.625
18.375
18.0
18.75
19.625
20.5
21.375
22.375
23.375
24.375
25.5
26.625
27.75
29.0
30.25
31.5
32.75
21.625
13.25
6.625
5.0
4.25
3.625
3.375
3.75
4.125
4.5
4.875
5.25
5.625
6.0
6.375
6.75
7.25
7.875
8.5
9.125
9.875
10.625
11.5
12.5
13.5
14.5
7.75
5.25
4.375
3.75
3.25
3.75
4.25
4.75
5.25
5.75
6.25
6.75
7.25
7.875
8.5
9.125
6.375
6.875
7.375
7.875
8.5
9.125
9.875
10.625
11.375
12.125
13.0
13.875
14.75
15.625
16.5
17.375
18.25
14.5
11.375
10.75
11.25
11.75
12.25
12.75
13.375
14.0
14.625
15.25
15.875
16.5
17.125
17.75
18.375
19.0
19.75
20.5
11.125
11.625
12.125
12.625
13.125
13.625
14.25
14.875
15.5
16.125
16.875
17.75
18.625
19.625
20.625
21.625
22.75
23.875
25.0
26.25
27.5
18.125
12.25
8.625
8.25
8.125
8.5
9.125
9.875
10.625
11.375
12.125
12.875
13.625
14.375
15.125
15.875
16.625
17.5
18.375
19.25
20.125
15.75
12.25
12.75
13.25
13.75
14.25
14.75
15.375
16.125
16.875
17.625
18.375
19.125
19.875
20.625
21.375
22.125
23.0
23.875
24.875
13.125
9.375
10.125
10.875
11.75
12.625
13.5
14.5
15.5
16.5
17.5
18.5
19.625
20.75
22.0
23.25
24.625
26.0
20.75
18.0
16.375
17.375
18.375
19.375
20.5
21.625
22.75
24.0
25.25
26.625
28.0
29.375
30.75
32.25
33.75
35.25
36.75
27.125
25.0
22.875
23.875
24.875
25.875
26.875
27.875
29.0
30.125
31.375
32.625
33.875
35.25
36.625
38.0
39.375
40.75
28.375
22.125
18.0
19.0
20.0
21.125
22.25
23.375
24.625
25.875
27.125
28.375
29.75
31.25
32.75
34.25
35.75
37.25
38.75
40.25
41.875
31.375
22.25
14.125
8.375
9.0
9.625
10.25
10.875
11.625
12.375
13.25
14.125
15.0
15.875
16.75
17.625
18.5
19.375
20.25
21.25
22.25
23.25
18.875
15.625
12.375
13.125
13.875
14.625
15.375
16.125
16.875
17.625
18.5
19.375
20.25
10.375
8.75
9.125
9.625
10.25
10.875
11.625
12.375
13.125
14.0
14.875
15.75
16.625
17.625
18.625
19.625
15.125
10.625
11.375
12.125
13.0
13.875
14.75
15.75
16.75
17.75
18.75
19.75
20.75
21.75
14.25
12.125
12.875
13.625
14.375
15.125
16.0
16.875
17.75
18.625
19.5
20.375
21.25
22.125
23.0
23.875
24.75
25.625
15.125
7.375
2.0
2.25
2.625
3.0
3.375
3.75
4.125
4.625
5.125
5.625
6.125
6.625
7.25
8.0
8.75
9.5
10.25
11.125
12.125
13.25
14.375
8.25
8.625
9.375
10.125
11.25
12.375
13.5
14.625
15.75
16.875
18.125
19.375
20.75
22.125
23.5
24.875
26.25
20.25
18.125
19.5
20.875
22.25
23.625
25.0
26.5
28.0
29.5
31.0
32.5
34.125
35.75
26.625
19.75
17.875
16.875
16.875
17.625
18.375
19.125
19.875
20.625
21.375
22.125
22.875
23.625
24.375
25.125
25.875
26.625
27.375
28.25
29.25
18.0
13.75
10.0
10.375
11.125
11.875
12.625
13.375
14.125
15.0
15.875
16.875
17.875
19.0
20.125
21.25
22.375
23.5
24.625
25.875
17.875
10.25
5.75
3.5
2.625
2.875
3.125
3.375
3.75
4.125
4.625
5.25
6.0
6.875
7.75
7.375
8.125
9.0
9.875
10.75
11.625
12.5
13.375
14.25
15.125
16.125
17.125
18.125
19.125
20.125
21.125
16.75
13.5
11.0
8.625
6.25
6.625
7.0
7.375
7.75
8.125
8.5
9.0
9.5
10.0
10.5
11.0
11.5
12.125
12.75
13.5
14.25
15.0
15.75
16.5
17.375
13.5
13.875
14.5
15.125
15.75
16.375
17.0
17.625
18.25
18.875
19.5
20.125
20.75
21.375
22.125
9.0
9.5
10.0
10.625
11.375
12.125
12.875
13.625
14.375
15.125
15.875
16.625
17.375
18.125
18.875
19.625
20.375
21.25
11.875
7.125
7.625
8.125
8.75
9.375
10.0
10.625
11.25
11.875
12.5
13.125
13.75
14.375
15.125
16.125
17.125
18.125
19.125
20.125
11.875
9.875
10.625
11.375
12.125
12.875
13.625
14.375
15.125
16.0
16.875
17.875
18.875
19.875
20.875
21.875
23.0
24.125
17.625
15.5
16.0
16.75
17.5
18.375
19.25
20.125
21.125
22.125
23.125
24.125
25.125
26.25
27.375
28.625
29.875
31.125
32.5
21.75
17.5
15.625
15.625
16.5
17.375
18.25
19.125
20.0
20.875
21.75
22.625
23.5
24.375
25.25
26.125
27.0
27.875
21.875
16.75
17.5
18.25
19.0
19.75
20.5
21.25
22.0
22.75
23.5
24.375
25.25
26.125
27.0
28.125
18.125
11.0
7.0
7.75
8.5
9.375
10.375
11.375
12.375
13.375
14.375
15.375
16.375
17.375
18.375
19.375
20.375
21.5
22.625
23.75
24.875
26.0
17.125
13.5
14.25
15.0
15.75
16.5
17.25
18.0
18.75
19.5
20.25
21.0
21.875
22.75
23.625
24.5
25.375
26.5
17.25
15.125
15.5
16.5
17.5
18.625
19.875
21.125
22.375
23.625
24.875
26.125
27.375
28.75
30.25
31.75
33.375
35.0
21.75
18.375
17.375
17.375
18.375
19.5
20.625
21.75
22.875
24.125
25.375
26.625
28.0
29.375
30.75
32.125
33.5
34.875
36.375
27.625
22.375
21.75
22.625
23.625
24.625
25.625
26.625
27.625
28.625
29.625
30.875
32.25
33.625
22.5
16.25
12.125
10.625
11.375
12.25
13.125
14.125
15.125
16.25
17.375
18.5
19.625
20.75
21.875
23.0
24.25
25.5
26.75
28.0
29.25
30.5
31.75
20.125
15.75
13.375
14.0
14.75
15.5
16.25
17.125
18.0
18.875
19.75
20.625
21.5
22.5
23.5
24.625
25.75
16.0
13.625
12.375
13.0
13.625
14.25
14.875
15.5
16.125
16.875
17.625
18.375
19.25
20.125
21.125
22.25
23.375
24.5
25.75
13.625
14.75
15.875
17.0
18.125
19.25
20.375
21.5
22.625
23.75
24.875
26.125
27.5
28.875
22.875
19.25
15.75
13.375
11.125
9.0
9.75
10.625
11.5
12.5
13.5
14.5
15.5
16.625
17.875
19.125
20.375
21.625
22.875
24.125
25.375
26.625
27.875
19.0
14.625
13.875
14.25
14.875
15.625
16.375
17.125
17.875
18.625
19.375
20.125
20.875
21.75
22.625
23.75
25.0
21.25
17.5
16.75
17.875
19.0
20.125
21.25
22.5
23.75
25.125
26.5
27.875
29.25
30.75
32.25
33.75
35.25
22.875
15.625
13.125
14.0
14.875
15.75
16.625
17.5
18.5
19.625
20.875
22.125
23.375
24.75
26.125
27.625
29.125
30.625
32.125
33.625
35.125
36.75
38.375
40.0
31.125
28.25
25.375
26.25
27.5
28.875
30.25
31.625
33.0
34.375
35.75
37.125
38.5
40.0
41.5
43.0
44.5
34.375
28.75
25.875
24.125
22.625
21.375
22.25
23.125
24.0
24.875
25.75
26.625
27.5
28.375
29.25
30.125
31.125
32.125
19.5
11.375
6.125
4.0
4.375
4.75
5.125
5.5
5.875
6.25
6.625
7.25
7.875
8.5
9.25
10.0
10.75
11.625
12.625
13.625
14.625
15.625
16.625
17.625
18.75
20.0
21.25
22.5
23.75
25.125
26.5
19.125
13.875
12.5
13.25
14.125
15.125
16.125
17.125
18.125
19.125
20.125
17.125
14.875
14.0
14.875
15.75
16.625
17.5
18.375
19.25
20.125
21.0
21.875
22.75
23.625
24.5
25.375
26.25
13.25
8.625
9.0
9.375
9.75
10.125
10.5
11.0
11.5
12.0
12.625
13.375
14.125
14.875
15.625
16.375
17.25
18.125
19.0
19.875
20.75
21.625
13.875
9.5
8.25
8.625
9.0
9.375
9.75
10.125
10.5
10.875
11.375
11.875
12.375
12.875
13.375
13.875
14.375
14.875
15.375
15.875
16.375
16.875
17.5
18.125
10.75
6.625
6.5
6.875
7.25
7.625
8.0
8.375
8.75
9.25
9.75
10.25
10.75
11.375
5.625
6.25
6.625
7.25
7.875
8.5
9.125
9.75
10.375
11.125
11.875
12.625
13.5
14.375
15.25
16.125
17.0
18.0
19.0
11.625
7.625
8.125
8.625
9.125
9.625
10.25
10.875
11.625
12.375
13.125
13.875
14.625
15.375
16.125
16.875
17.625
18.375
19.125
13.625
14.375
15.125
16.0
16.875
17.75
18.625
19.5
20.375
21.25
22.125
23.0
23.875
24.875
25.875
26.875
27.875
28.875
17.875
8.875
9.5
10.375
11.25
12.125
13.0
13.875
14.75
15.625
16.5
17.375
18.25
19.125
20.0
20.875
21.75
22.625
23.5
24.375
25.25
26.125
27.0
22.625
23.375
24.125
25.0
25.875
26.75
27.75
28.75
29.75
30.875
32.0
33.125
34.25
35.375
36.5
37.625
25.875
14.625
10.125
10.625
11.125
11.625
12.125
12.625
13.125
13.75
14.375
15.0
15.625
16.375
17.25
18.125
19.0
19.875
9.5
9.375
9.875
10.375
10.875
11.375
11.875
12.5
13.125
14.0
14.875
15.75
16.625
17.5
18.375
19.25
20.25
21.25
22.25
23.25
18.125
13.125
9.875
8.625
8.125
8.625
9.125
9.625
10.125
10.625
11.125
11.625
12.125
12.625
13.125
13.625
14.125
14.625
9.75
6.25
6.875
7.625
8.375
9.125
10.0
11.0
12.0
13.0
14.0
15.0
16.0
17.0
18.0
19.125
20.375
21.625
22.875
15.875
14.625
15.5
16.5
17.5
18.5
19.5
20.5
21.5
22.5
23.5
24.5
25.5
26.5
27.5
28.5
29.5
30.5
21.25
19.125
17.625
17.875
18.5
19.125
19.75
20.375
21.0
21.625
22.25
22.875
23.5
24.125
24.75
25.375
26.0
26.625
27.25
27.875
28.625
15.5
3.25
3.375
3.625
4.0
4.375
4.75
5.125
5.75
6.5
7.25
8.0
9.0
10.0
11.0
12.125
13.5
14.875
16.25
17.75
16.0
15.5
15.25
16.25
17.25
18.25
19.25
20.25
21.25
22.25
23.25
24.25
25.25
26.25
27.25
28.25
22.125
19.25
20.0
20.75
21.5
22.375
23.25
24.125
25.0
26.0
27.0
28.0
29.0
30.0
31.0
32.0
33.0
34.125
22.875
13.25
8.75
9.25
9.75
10.25
10.75
11.375
12.0
12.625
13.25
13.875
14.5
15.125
15.75
16.375
17.125
17.875
18.625
19.375
20.125
20.875
21.625
22.375
10.875
7.25
7.875
8.625
9.375
10.125
10.875
11.625
12.5
13.375
14.375
15.375
16.375
17.5
18.625
14.625
11.375
12.375
13.375
14.375
15.375
16.5
17.625
18.75
19.875
21.0
22.125
23.25
24.375
25.625
27.0
28.375
29.75
21.75
16.375
15.625
16.25
16.875
17.5
18.125
18.75
19.375
20.0
20.625
21.375
22.125
22.875
23.75
24.625
25.5
26.5
15.0
10.5
6.875
7.25
7.75
8.25
8.75
9.25
9.75
10.375
11.125
12.0
13.0
14.0
15.0
16.0
17.0
18.0
19.0
20.0
21.0
22.0
23.0
24.125
25.25
26.5
27.875
20.875
19.75
20.875
22.125
23.375
24.625
26.125
27.625
29.125
30.625
32.125
33.625
25.5
23.625
23.625
24.75
25.875
27.125
28.375
29.625
31.125
32.625
34.25
35.875
37.625
39.5
41.5
43.5
45.5
47.625
49.75
51.875
39.5
30.75
22.375
20.875
20.25
20.0
20.0
21.125
22.25
23.375
24.5
25.625
26.75
28.0
29.25
30.5
31.75
33.0
34.25
35.5
36.75
27.25
20.0
18.125
19.0
19.875
20.75
21.625
22.5
23.375
24.25
25.125
26.0
26.875
27.875
28.875
29.875
30.875
32.0
33.25
34.5
35.75
37.0
27.625
21.5
15.625
13.375
12.75
13.25
13.875
14.5
15.125
15.75
16.375
17.0
17.75
18.5
19.25
7.375
5.25
4.25
4.625
5.0
5.375
5.75
6.125
6.5
6.875
7.25
7.625
8.0
8.375
8.75
9.125
9.5
10.0
10.5
3.25
3.5
3.75
4.0
4.25
4.625
5.0
5.375
5.875
6.375
7.0
7.625
8.25
9.0
9.75
10.5
11.25
8.25
6.25
6.5
7.0
7.5
8.125
8.75
9.375
10.0
10.625
11.25
11.875
12.5
13.125
13.75
14.5
15.25
16.0
17.0
18.0
19.0
20.125
21.25
22.375
23.625
15.875
12.75
10.625
11.625
12.625
13.625
14.625
15.75
16.875
18.0
19.125
20.25
21.5
22.75
24.125
18.75
16.625
15.0
14.5
15.375
16.25
17.125
18.0
18.875
19.75
20.625
21.5
22.375
23.25
24.125
25.125
26.125
16.5
8.5
6.5
7.125
7.75
8.5
9.25
10.0
10.75
11.5
12.25
13.125
14.125
15.125
16.125
17.125
18.25
19.375
20.5
21.875
16.5
13.75
13.25
13.25
13.75
14.25
14.75
15.25
15.75
16.375
17.0
17.625
18.25
18.875
19.5
20.125
20.75
21.375
22.0
22.625
23.25
23.875
24.5
25.125
25.875
26.625
27.375
13.375
13.875
14.5
15.125
15.875
16.75
17.625
18.5
19.375
20.25
21.125
8.75
9.5
10.25
11.0
11.75
12.5
13.25
14.0
14.75
15.5
16.25
17.0
17.75
18.5
19.25
20.125
21.0
21.875
22.75
13.25
10.125
10.625
11.125
11.625
12.25
12.875
13.625
14.375
15.125
15.875
16.625
17.375
18.125
18.875
19.625
9.875
6.5
5.75
6.5
7.25
8.125
9.125
10.25
11.5
12.75
14.0
15.25
16.5
17.75
19.0
20.25
21.5
22.875
24.25
25.625
27.0
28.375
29.75
31.125
32.5
33.875
35.25
36.625
30.25
28.75
28.375
29.625
30.875
32.375
33.875
35.5
37.125
38.75
40.375
42.0
33.5
25.125
20.0
19.0
18.625
19.375
20.125
20.875
21.625
22.375
23.25
24.125
25.125
26.125
27.125
28.25
29.375
30.625
18.25
8.625
7.75
7.375
7.75
8.125
8.5
9.0
9.5
10.0
10.5
11.0
11.5
12.0
12.5
13.0
13.625
14.25
14.875
15.5
10.375
10.875
11.5
12.125
13.0
14.0
15.0
16.25
17.5
18.75
20.0
21.25
22.5
23.75
25.375
17.125
10.375
10.375
11.625
13.0
14.5
16.25
18.0
19.75
21.5
23.25
25.0
26.75
28.5
30.25
32.0
33.75
35.5
37.25
39.125
41.0
42.875
44.75
46.625
48.5
43.25
45.0
46.875
48.75
50.75
52.75
54.75
56.75
58.75
60.75
62.75
64.875
67.125
69.375
71.75
74.125
76.5
65.125
54.0
44.875
39.25
38.375
38.5
38.875
40.375
41.875
43.375
44.875
46.375
48.0
49.625
51.25
52.875
54.625
56.5
42.875
29.75
18.625
17.125
18.125
19.125
20.125
21.125
22.125
23.125
24.125
25.25
26.5
27.75
29.0
30.25
31.5
32.75
34.0
35.25
36.5
37.75
39.125
40.5
41.875
30.0
25.75
21.875
23.0
24.125
25.375
26.625
27.875
29.125
30.375
31.75
33.125
34.625
36.125
25.0
20.75
20.5
21.625
22.875
24.125
25.375
26.625
27.875
29.125
30.375
31.75
33.125
34.5
35.875
37.25
38.625
40.0
29.5
20.5
15.5
13.375
11.375
12.0
12.625
13.25
13.875
14.5
15.125
15.75
16.375
17.125
17.875
18.625
11.625
7.75
8.25
8.75
9.25
9.875
10.5
11.125
11.875
12.625
13.375
14.25
15.125
16.0
16.875
17.75
18.625
19.5
20.375
21.25
22.125
10.875
9.625
8.625
9.125
9.625
10.25
10.875
11.5
12.125
12.875
13.625
14.375
15.375
16.375
17.375
18.625
14.625
11.5
11.625
12.125
13.0
13.875
14.75
15.625
16.5
17.375
18.25
19.125
20.0
20.875
21.875
23.0
24.125
25.25
26.5
27.75
21.25
18.25
15.875
16.5
17.125
17.75
18.375
19.0
19.625
20.25
21.0
21.875
22.75
23.75
24.75
25.75
26.875
28.0
29.125
18.0
12.5
11.875
12.25
12.875
13.625
14.5
15.375
16.25
17.25
18.25
19.25
20.25
21.25
22.25
23.375
24.5
25.625
26.75
28.0
19.125
12.625
9.625
6.625
7.375
8.25
9.125
10.0
10.875
11.75
12.625
13.625
14.75
16.0
17.25
18.5
19.875
21.25
22.625
24.0
25.375
26.875
23.75
21.5
20.125
20.625
21.625
22.625
23.625
24.625
25.625
26.625
27.625
28.625
29.625
30.625
31.625
22.875
18.625
14.625
10.75
8.0
8.375
8.75
9.125
9.5
9.875
10.375
10.875
11.375
11.875
12.375
12.875
13.5
7.75
2.625
2.875
3.25
3.625
4.25
4.875
5.5
6.125
6.75
7.375
8.0
8.625
9.375
10.125
10.875
11.625
12.375
13.125
13.875
14.75
15.625
16.5
17.375
18.25
19.125
20.0
12.125
6.75
5.0
3.875
4.0
4.125
4.25
4.375
4.625
4.875
5.125
5.375
5.75
1.0
0.875
1.0
1.125
1.25
1.375
1.5
1.625
1.75
1.875
2.0
2.125
2.25
2.375
2.625
2.875
3.125
3.5
3.875
4.25
4.75
5.25
5.75
6.25
6.875
7.625
8.375
9.125
9.875
10.625
11.375
12.125
12.875
13.625
14.375
15.125
15.875
16.625
13.0
13.625
14.25
14.875
15.5
16.125
16.75
17.375
18.0
18.625
19.25
19.875
20.5
21.125
21.75
22.375
23.0
16.0
11.125
6.75
7.0
7.25
7.5
7.75
8.0
8.25
8.5
8.75
9.0
9.25
9.5
9.75
10.125
10.5
10.875
11.25
11.625
5.5
5.75
6.0
6.25
6.5
6.75
7.0
7.25
7.5
7.75
8.0
8.25
8.5
8.75
9.0
9.25
9.625
10.0
10.375
3.625
0.625
1.0
1.375
1.75
2.25
2.875
3.5
4.125
4.875
5.625
6.375
7.125
7.875
8.75
9.625
10.5
11.5
12.5
8.5
7.0
5.75
6.375
7.125
7.875
8.625
9.375
10.125
10.875
11.625
12.375
13.125
13.875
14.625
15.375
16.25
17.125
18.0
18.875
19.75
12.125
6.125
3.625
1.375
1.625
1.875
2.125
2.375
2.625
2.875
3.125
3.375
3.625
3.875
4.125
4.375
4.625
4.875
5.125
5.375
2.5
2.875
3.25
3.625
4.0
4.375
4.875
5.375
5.875
6.375
6.875
7.375
8.0
8.625
9.25
9.875
6.125
6.625
7.125
7.625
8.125
8.625
9.125
9.75
10.375
11.0
11.625
12.375
13.125
13.875
14.625
15.375
16.375
17.375
11.875
12.25
13.0
13.75
14.5
15.375
16.25
17.125
18.125
19.25
20.375
21.5
22.625
23.75
24.875
26.0
27.125
18.75
13.25
13.0
13.75
14.75
15.75
16.875
18.0
19.125
20.25
21.375
22.5
23.625
24.75
25.875
27.0
28.125
29.375
20.0
16.125
13.25
11.5
11.75
12.25
12.75
13.25
13.75
14.25
14.75
15.25
15.75
16.25
16.75
17.25
17.75
18.25
18.75
19.25
19.75
8.75
4.375
0.0
0.0
0.0
0.0
0.0
0.0
0.0
0.0
0.0
0.125
0.25
0.5
0.75
1.0
1.25
1.5
1.75
2.0
2.25
2.5
2.75
3.0
3.25
3.5
3.75
4.0
4.25
4.5
4.875
5.25
5.625
6.0
3.625
3.125
3.25
3.375
3.5
3.75
4.0
4.25
4.5
4.875
5.375
5.875
6.375
6.875
7.375
7.875
8.375
8.875
4.125
3.25
3.5
3.75
4.125
4.5
4.875
5.25
5.625
6.125
6.625
7.125
7.75
8.375
9.0
9.625
10.25
10.875
11.5
12.5
13.625
14.75
13.75
14.0
14.75
15.5
16.25
17.0
17.75
18.5
19.25
20.0
20.75
21.5
22.25
23.0
23.75
24.5
25.25
26.0
26.75
27.5
